Income,Essentials,Lifestyle,Loan,TotalExpenses,Savings,Overspending
9183,4143,3440,187,7770,1413,1
10849,5742,3075,730,9547,1302,1
5403,2190,1001,720,3911,1492,0
8871,3653,1888,1121,6662,2209,0
14022,6565,2605,4059,13229,793,1
10908,4576,3527,2531,10634,274,1
14145,8731,3198,3468,15397,-1252,1
14862,9945,5718,3534,19197,-4335,1
7864,5229,1536,625,7390,474,1
14208,8269,1533,641,10443,3765,0
12192,5567,3198,3569,12334,-142,1
4979,2308,1676,1027,5011,-32,1
10242,6146,3809,2774,12729,-2487,1
8397,4413,3139,1610,9162,-765,1
6718,4088,1683,619,6390,328,1
9113,6251,1820,1789,9860,-747,1
6821,4293,2461,1257,8011,-1190,1
13860,7186,3998,1011,12195,1665,1
7717,5058,2690,1160,8908,-1191,1
8245,3841,1624,2154,7619,626,1
7520,5104,1827,2007,8938,-1418,1
4104,2525,1045,972,4542,-438,1
5247,2157,868,188,3213,2034,0
9823,4173,3066,1562,8801,1022,1
5770,3424,1621,1383,6428,-658,1
6499,2799,1500,165,4464,2035,0
7707,5056,945,2196,8197,-490,1
5151,2648,1154,404,4206,945,1
9050,6029,1696,2426,10151,-1101,1
5364,2237,1315,228,3780,1584,0
8592,4624,2212,99,6935,1657,1
5360,2886,1242,1602,5730,-370,1
13898,9187,2378,2536,14101,-203,1
10671,5700,2056,3100,10856,-185,1
8460,3836,2736,457,7029,1431,1
12737,7395,4944,1993,14332,-1595,1
11886,7910,3549,1457,12916,-1030,1
6447,3068,1382,674,5124,1323,0
9190,6059,2423,1157,9639,-449,1
13314,8761,2075,1892,12728,586,1
12203,7465,3731,643,11839,364,1
11370,7020,4483,2205,13708,-2338,1
12224,8505,3111,1884,13500,-1276,1
12958,8332,2426,1721,12479,479,1
13796,7518,3889,179,11586,2210,1
9089,6263,2917,2445,11625,-2536,1
7537,4867,2528,3,7398,139,1
12166,5526,2262,795,8583,3583,0
11858,5767,3738,2637,12142,-284,1
9466,4205,1338,1369,6912,2554,0
7756,3123,2761,2185,8069,-313,1
13526,9329,2109,654,12092,1434,1
10162,4145,2688,2380,9213,949,1
13418,6829,5243,1548,13620,-202,1
10803,5868,2598,2952,11418,-615,1
14948,7727,2320,3258,13305,1643,1
8915,3905,1308,2011,7224,1691,1
11797,8084,2369,2797,13250,-1453,1
13208,8178,4657,519,13354,-146,1
14894,6960,5042,2111,14113,781,1
4526,2855,1759,269,4883,-357,1
11061,4663,3977,1465,10105,956,1
8548,5270,1943,717,7930,618,1
6007,3495,1226,1077,5798,209,1
13679,6410,3675,4072,14157,-478,1
5110,2225,1640,1286,5151,-41,1
9127,3812,1686,493,5991,3136,0
6449,2660,2500,1926,7086,-637,1
12286,7625,3852,375,11852,434,1
8444,4134,2326,1173,7633,811,1
9805,5748,2149,1305,9202,603,1
12829,5799,2715,2380,10894,1935,1
8438,4260,2759,902,7921,517,1
11880,6142,1731,2792,10665,1215,1
5295,3019,1541,1236,5796,-501,1
11413,5970,1777,1231,8978,2435,0
10904,5300,2025,1486,8811,2093,1
8797,6072,2218,2189,10479,-1682,1
4291,1892,1651,938,4481,-190,1
14650,6867,3689,2888,13444,1206,1
7044,3294,2063,120,5477,1567,0
5080,2427,1998,1357,5782,-702,1
4373,1870,1588,969,4427,-54,1
7090,3285,1940,241,5466,1624,0
9312,5333,1111,1732,8176,1136,1
10979,4403,1553,1408,7364,3615,0
8348,5505,1993,2351,9849,-1501,1
8811,4243,3090,1675,9008,-197,1
14784,9060,3816,2205,15081,-297,1
11814,6670,2697,774,10141,1673,1
7313,3257,2140,2189,7586,-273,1
9743,5102,3214,2392,10708,-965,1
11238,5265,2514,875,8654,2584,0
5658,3026,1884,556,5466,192,1
14318,5894,3549,1062,10505,3813,0
14944,6821,2012,2159,10992,3952,0
4343,1900,1204,902,4006,337,1
11667,6382,4277,1298,11957,-290,1
12143,5165,3644,1546,10355,1788,1
6160,3196,1716,454,5366,794,1
9929,6285,3329,1646,11260,-1331,1
5165,3215,1637,1017,5869,-704,1
9905,4086,2161,2697,8944,961,1
11629,8038,3545,1331,12914,-1285,1
7732,5319,2888,910,9117,-1385,1
10471,7185,1278,1115,9578,893,1
12934,5592,1475,579,7646,5288,0
11459,7046,2639,2317,12002,-543,1
12506,5344,4913,3197,13454,-948,1
6684,3000,963,484,4447,2237,0
8224,4994,2516,1037,8547,-323,1
5968,3580,781,1089,5450,518,1
6305,3200,2091,1469,6760,-455,1
13263,7111,3915,3477,14503,-1240,1
14813,6502,3131,102,9735,5078,0
5539,2763,1266,1161,5190,349,1
7898,3496,2234,1746,7476,422,1
8326,3795,2502,568,6865,1461,1
8469,5432,1878,1365,8675,-206,1
9010,3884,3198,2687,9769,-759,1
4343,2431,1126,663,4220,123,1
8768,5278,3500,2203,10981,-2213,1
10258,4443,2359,1593,8395,1863,1
5786,4031,2298,646,6975,-1189,1
5626,2479,1953,1017,5449,177,1
14592,9020,4783,3636,17439,-2847,1
8689,4109,1877,1093,7079,1610,1
13042,6708,3982,2989,13679,-637,1
14199,8303,1642,2291,12236,1963,1
14318,9405,4494,4071,17970,-3652,1
8902,4602,1186,1541,7329,1573,1
14284,7082,3902,3068,14052,232,1
11306,5231,2530,2504,10265,1041,1
11116,5825,1546,1034,8405,2711,0
7025,3989,1620,1555,7164,-139,1
12763,8465,4048,1746,14259,-1496,1
11871,7530,1485,2927,11942,-71,1
4383,2770,742,582,4094,289,1
14550,8983,4870,4165,18018,-3468,1
10126,7045,1902,1735,10682,-556,1
8619,5125,1981,603,7709,910,1
5432,2625,683,1534,4842,590,1
11203,7425,1978,230,9633,1570,1
7166,4074,2801,1447,8322,-1156,1
12177,4889,4726,2913,12528,-351,1
14000,8764,2591,226,11581,2419,1
4168,2355,742,1187,4284,-116,1
10524,6897,3202,389,10488,36,1
4170,1875,1612,902,4389,-219,1
7413,3834,2639,1827,8300,-887,1
14230,9769,2694,1730,14193,37,1
7975,5353,2249,443,8045,-70,1
8459,4315,1286,1443,7044,1415,1
13130,7648,5095,3818,16561,-3431,1
14049,8179,4761,1156,14096,-47,1
7962,4841,2443,2064,9348,-1386,1
11557,5568,2701,3325,11594,-37,1
8255,4757,2584,2330,9671,-1416,1
4004,2316,1043,1173,4532,-528,1
12479,7527,2763,692,10982,1497,1
5966,3689,741,558,4988,978,1
4326,2932,1629,836,5397,-1071,1
11333,7078,2155,2600,11833,-500,1
4871,2898,1380,875,5153,-282,1
10728,4786,3873,407,9066,1662,1
5005,3078,1343,992,5413,-408,1
9846,5977,3052,1355,10384,-538,1
6876,3046,762,1298,5106,1770,0
12875,6060,1908,2306,10274,2601,0
9974,4949,2908,1809,9666,308,1
7165,4260,1903,641,6804,361,1
13749,8128,2532,1589,12249,1500,1
11649,6262,2698,2833,11793,-144,1
12974,9057,2679,752,12488,486,1
5563,3267,2159,135,5561,2,1
9749,4879,3090,21,7990,1759,1
12287,5903,4264,1408,11575,712,1
10224,4251,1427,1350,7028,3196,0
4386,2015,1638,404,4057,329,1
10478,5576,3134,2141,10851,-373,1
14640,8615,3409,212,12236,2404,1
6915,4106,892,1669,6667,248,1
14618,10116,2815,1301,14232,386,1
13135,5518,2647,2613,10778,2357,1
11007,6294,1721,2203,10218,789,1
8363,3819,1549,2440,7808,555,1
10915,5557,1513,2837,9907,1008,1
10756,4368,2796,240,7404,3352,0
12342,6718,2025,2847,11590,752,1
7611,3875,1871,1497,7243,368,1
4912,2201,1746,441,4388,524,1
9895,5019,2298,2025,9342,553,1
9498,5679,1036,23,6738,2760,0
11443,7887,2354,2266,12507,-1064,1
10160,5356,3239,2908,11503,-1343,1
5706,2976,1890,9,4875,831,1
11022,7539,1862,3191,12592,-1570,1
5994,2718,1544,396,4658,1336,0
7551,4380,1816,1140,7336,215,1
11727,5910,3156,1697,10763,964,1
12138,7687,3121,3156,13964,-1826,1
14381,8927,2688,2281,13896,485,1
4100,1711,880,3,2594,1506,0
13570,6342,3506,382,10230,3340,0
9906,6350,3216,2326,11892,-1986,1
14398,7298,1956,1289,10543,3855,0
13353,9234,3068,3590,15892,-2539,1
10907,5639,4174,1910,11723,-816,1
7181,3916,2731,1445,8092,-911,1
13489,5857,2739,1295,9891,3598,0
8029,4084,1049,2112,7245,784,1
12585,8315,1909,562,10786,1799,1
4693,2497,1828,616,4941,-248,1
7844,4367,1102,1950,7419,425,1
6711,2771,1812,440,5023,1688,0
13712,6826,2396,871,10093,3619,0
6536,4496,1987,84,6567,-31,1
4030,1979,494,462,2935,1095,0
9858,5390,2572,948,8910,948,1
13602,8197,1747,3991,13935,-333,1
13488,7847,5183,3625,16655,-3167,1
14885,7476,2349,513,10338,4547,0
10916,7482,1536,726,9744,1172,1
7708,4877,2797,559,8233,-525,1
8677,5615,1329,2118,9062,-385,1
6071,3564,1389,504,5457,614,1
7889,3575,1815,2286,7676,213,1
6868,4405,731,1176,6312,556,1
14374,6594,5288,240,12122,2252,1
14000,9526,1904,3941,15371,-1371,1
12536,6068,3113,2744,11925,611,1
13233,5716,4471,1626,11813,1420,1
8116,3917,2892,1872,8681,-565,1
5586,3286,856,1467,5609,-23,1
5676,3426,1680,213,5319,357,1
8089,4210,2482,1861,8553,-464,1
8317,4025,2545,1433,8003,314,1
9138,6049,2828,284,9161,-23,1
5126,3218,1234,362,4814,312,1
10599,4864,3153,1076,9093,1506,1
11954,6399,4057,2071,12527,-573,1
5669,2928,2213,1245,6386,-717,1
8697,4618,3157,1711,9486,-789,1
12253,5754,3796,166,9716,2537,0
11206,6173,2660,2418,11251,-45,1
13703,7922,5357,1475,14754,-1051,1
11862,8228,1908,508,10644,1218,1
8976,5142,3207,1663,10012,-1036,1
11565,6223,2511,1350,10084,1481,1
8332,3578,1188,1630,6396,1936,0
12878,8264,4058,947,13269,-391,1
10280,4152,3791,1977,9920,360,1
9630,4042,3351,845,8238,1392,1
11326,4689,1898,2225,8812,2514,0
14567,8025,3781,2782,14588,-21,1
13929,5896,2267,630,8793,5136,0
13481,8253,4824,3710,16787,-3306,1
14511,7936,4541,548,13025,1486,1
6787,3290,1811,1245,6346,441,1
5629,2729,1754,667,5150,479,1
11045,5243,3515,2857,11615,-570,1
14795,9861,1721,689,12271,2524,1
13976,6649,3285,4115,14049,-73,1
6289,2732,1500,43,4275,2014,0
9498,5603,1714,1983,9300,198,1
8484,4405,2556,1362,8323,161,1
9917,4148,3384,2270,9802,115,1
10235,5858,2412,1426,9696,539,1
11290,6616,2948,2334,11898,-608,1
6244,3454,761,438,4653,1591,0
9226,5437,3018,959,9414,-188,1
9604,3997,2946,1817,8760,844,1
7985,5351,2091,1447,8889,-904,1
13122,5752,5186,2212,13150,-28,1
8061,3918,2582,1518,8018,43,1
11464,5979,4449,96,10524,940,1
5870,2841,2097,745,5683,187,1
7078,3849,2384,1779,8012,-934,1
4892,2252,1267,1103,4622,270,1
13915,9011,5023,4033,18067,-4152,1
8300,3644,1312,245,5201,3099,0
5913,3182,2072,260,5514,399,1
9430,4332,1086,562,5980,3450,0
5241,3150,1973,1087,6210,-969,1
12129,8124,1974,1682,11780,349,1
14017,7907,3867,235,12009,2008,1
6133,2995,2205,1105,6305,-172,1
6367,3818,2233,1652,7703,-1336,1
12152,7869,1488,3348,12705,-553,1
13264,8743,1723,2579,13045,219,1
14986,9513,2218,1076,12807,2179,1
9751,6639,3726,996,11361,-1610,1
12475,5987,4896,3605,14488,-2013,1
4486,2714,908,877,4499,-13,1
14047,6933,1919,2248,11100,2947,0
10550,5792,1619,544,7955,2595,0
7150,4192,797,1433,6422,728,1
5789,4041,1329,1129,6499,-710,1
8978,4364,2602,849,7815,1163,1
8877,5310,2832,1655,9797,-920,1
14014,7923,3170,942,12035,1979,1
10014,6393,2418,1917,10728,-714,1
14803,10212,5755,1433,17400,-2597,1
4378,2975,933,141,4049,329,1
9498,4275,2693,410,7378,2120,0
5103,2055,667,313,3035,2068,0
11327,5153,2934,1448,9535,1792,1
5455,3810,2124,480,6414,-959,1
5266,3681,1209,1549,6439,-1173,1
5342,3185,770,835,4790,552,1
11931,5108,1714,1039,7861,4070,0
13209,8277,2431,1248,11956,1253,1
10397,4547,1390,887,6824,3573,0
7934,3586,2407,2117,8110,-176,1
13223,7175,1356,451,8982,4241,0
9331,6342,3494,2357,12193,-2862,1
6312,4108,1689,950,6747,-435,1
14929,8033,2073,4227,14333,596,1
8047,5576,1455,409,7440,607,1
7405,3944,2659,1629,8232,-827,1
14193,6159,2464,71,8694,5499,0
8216,4130,3116,55,7301,915,1
9790,4573,2345,83,7001,2789,0
6410,3241,2070,1556,6867,-457,1
9651,4178,3732,2695,10605,-954,1
11068,6270,3456,3302,13028,-1960,1
11548,5949,1243,1116,8308,3240,0
7581,3997,1158,2107,7262,319,1
6364,3661,2112,658,6431,-67,1
5791,3951,1027,1662,6640,-849,1
4210,1919,1026,463,3408,802,1
7181,3008,2759,1622,7389,-208,1
8559,4757,2426,1458,8641,-82,1
14523,9079,4288,1114,14481,42,1
11059,5838,3576,2077,11491,-432,1
4192,2059,1340,1075,4474,-282,1
6855,4248,831,1541,6620,235,1
14894,10035,2900,4001,16936,-2042,1
6035,2908,1215,1470,5593,442,1
4751,2549,1613,253,4415,336,1
13485,6250,2313,697,9260,4225,0
9519,5570,2706,674,8950,569,1
8558,5326,1469,1959,8754,-196,1
13381,5393,3272,2029,10694,2687,0
8623,3562,1646,2187,7395,1228,1
11589,4824,3587,1442,9853,1736,1
14544,7990,1878,1558,11426,3118,0
9111,5796,3527,1106,10429,-1318,1
6725,2867,1374,738,4979,1746,0
12734,7210,2548,2230,11988,746,1
6604,3077,1207,851,5135,1469,0
6894,2973,2256,147,5376,1518,0
10483,6373,1201,917,8491,1992,1
13057,6534,2816,3269,12619,438,1
10811,6686,1461,960,9107,1704,1
12887,7435,4094,1565,13094,-207,1
11222,5455,2347,2742,10544,678,1
7600,4838,1490,462,6790,810,1
7698,4073,1402,681,6156,1542,0
4821,3359,1282,1366,6007,-1186,1
4574,2979,1340,1081,5400,-826,1
14487,8981,1491,3289,13761,726,1
6392,3538,2459,1113,7110,-718,1
6754,4236,2126,712,7074,-320,1
5998,2592,672,75,3339,2659,0
7334,4743,2630,2057,9430,-2096,1
11799,7272,1785,258,9315,2484,0
4633,2193,768,1361,4322,311,1
7501,4496,2804,517,7817,-316,1
9114,6274,3570,1573,11417,-2303,1
12092,7486,3883,2914,14283,-2191,1
10964,7025,3885,966,11876,-912,1
14401,7397,2660,3910,13967,434,1
10981,5128,1590,1533,8251,2730,0
6674,3966,2038,74,6078,596,1
14135,8997,1624,2313,12934,1201,1
13207,8027,5252,1922,15201,-1994,1
5029,2052,1595,636,4283,746,1
4555,2334,746,281,3361,1194,0
8272,4356,3006,1068,8430,-158,1
11606,8014,4292,467,12773,-1167,1
9316,4947,2156,2494,9597,-281,1
8108,3347,1545,1822,6714,1394,1
14053,9345,4137,2493,15975,-1922,1
12478,6311,2104,3400,11815,663,1
7820,4633,2109,1837,8579,-759,1
6206,3831,1605,1498,6934,-728,1
10060,6912,2632,1507,11051,-991,1
4826,2978,756,44,3778,1048,0
11206,7113,2380,166,9659,1547,1
5584,3724,643,997,5364,220,1
11036,6620,3398,631,10649,387,1
6615,3097,1360,1419,5876,739,1
9713,4313,1867,2698,8878,835,1
12151,6267,1734,937,8938,3213,0
12670,8584,4704,2023,15311,-2641,1
6066,2687,1860,1300,5847,219,1
13341,5350,2360,2575,10285,3056,0
10407,4270,3879,2652,10801,-394,1
9455,4822,2151,2014,8987,468,1
5686,2486,784,139,3409,2277,0
13463,9417,2893,3965,16275,-2812,1
8193,4272,966,1148,6386,1807,0
8418,4335,2079,1997,8411,7,1
6686,2986,2277,431,5694,992,1
5880,2784,2031,549,5364,516,1
6285,3492,1861,214,5567,718,1
4991,2971,1878,127,4976,15,1
7408,3056,2626,537,6219,1189,1
4220,1973,1407,815,4195,25,1
10781,5258,2729,1189,9176,1605,1
7368,4793,1118,830,6741,627,1
14156,7881,4340,1177,13398,758,1
8779,3643,2312,1541,7496,1283,1
13248,7683,3277,670,11630,1618,1
5899,3314,1498,499,5311,588,1
10708,5563,3764,184,9511,1197,1
9723,6287,1062,2384,9733,-10,1
9599,4920,2051,1602,8573,1026,1
5968,3409,794,773,4976,992,1
4647,2243,1324,762,4329,318,1
9002,6058,3419,668,10145,-1143,1
5505,2666,917,846,4429,1076,1
8934,4873,3307,1622,9802,-868,1
5826,3551,1931,681,6163,-337,1
14774,10012,1588,1642,13242,1532,1
7008,4695,1106,863,6664,344,1
14575,7595,2933,3448,13976,599,1
8870,4532,2963,1659,9154,-284,1
14751,8358,2567,2322,13247,1504,1
13171,8199,2751,2460,13410,-239,1
9924,4991,3608,1756,10355,-431,1
5267,3481,1275,576,5332,-65,1
5777,2868,2084,1107,6059,-282,1
14441,6719,4826,519,12064,2377,1
6187,3386,1658,208,5252,935,1
4935,2390,1818,1332,5540,-605,1
7191,4059,1131,1055,6245,946,1
8470,3992,2261,434,6687,1783,0
6426,3160,2395,1032,6587,-161,1
6206,2873,887,680,4440,1766,0
8924,3632,1335,1026,5993,2931,0
11852,7744,1682,3370,12796,-944,1
9873,4782,3279,2078,10139,-266,1
4145,1975,769,580,3324,821,1
11662,6055,3069,2624,11748,-86,1
12528,6938,3942,2014,12894,-366,1
8561,3431,2591,2124,8146,415,1
13052,5913,3996,592,10501,2551,1
14548,8945,4983,3664,17592,-3044,1
10885,6948,1915,1502,10365,520,1
6141,4049,1156,1453,6658,-517,1
6520,3670,1608,97,5375,1145,1
9087,5226,2971,1352,9549,-462,1
4543,2832,1077,452,4361,182,1
12184,7913,2591,2937,13441,-1257,1
4148,2424,702,712,3838,310,1
6474,4285,718,412,5415,1059,1
12769,5357,5077,3141,13575,-806,1
6329,3106,1924,1023,6053,276,1
6192,2529,1466,1309,5304,888,1
14805,8713,3024,2447,14184,621,1
11864,5931,3805,549,10285,1579,1
14926,8383,4299,3925,16607,-1681,1
4224,2265,997,987,4249,-25,1
14675,5896,3881,4055,13832,843,1
4820,1959,662,894,3515,1305,0
11577,7577,1997,2500,12074,-497,1
14886,5988,4933,2637,13558,1328,1
9320,4106,2982,1999,9087,233,1
10567,6017,3006,1673,10696,-129,1
11382,7447,2048,1764,11259,123,1
14043,7133,4918,2464,14515,-472,1
9310,3877,3708,2519,10104,-794,1
5280,3283,726,408,4417,863,1
6958,3340,1203,1663,6206,752,1
8987,4394,2418,221,7033,1954,0
6500,2958,958,1758,5674,826,1
10327,5119,3865,439,9423,904,1
10651,6136,3834,3155,13125,-2474,1
4272,2931,1646,544,5121,-849,1
7841,4490,1948,1313,7751,90,1
9746,4527,1864,2075,8466,1280,1
7098,3363,2735,1046,7144,-46,1
9209,5574,2072,2287,9933,-724,1
14220,6219,2538,2212,10969,3251,0
13095,5521,3223,2578,11322,1773,1
8030,3902,1789,1315,7006,1024,1
6881,3742,1729,1518,6989,-108,1
10175,5871,1318,2936,10125,50,1
5218,2605,1658,1123,5386,-168,1
11694,5440,4117,1065,10622,1072,1
4116,2495,1270,689,4454,-338,1
8960,4763,2953,1052,8768,192,1
10910,5383,1368,348,7099,3811,0
6776,3569,1341,1872,6782,-6,1
12886,5604,1973,2312,9889,2997,0
8518,5770,3358,2415,11543,-3025,1
6016,2689,1583,1583,5855,161,1
8480,5888,3226,806,9920,-1440,1
6410,3154,1108,640,4902,1508,0
13330,6564,4160,889,11613,1717,1
8418,4020,2429,343,6792,1626,1
10009,6674,3860,346,10880,-871,1
12197,6789,3712,1651,12152,45,1
11987,4889,4509,1272,10670,1317,1
8953,4063,3558,2661,10282,-1329,1
12724,6967,1950,919,9836,2888,0
12112,7927,4498,3144,15569,-3457,1
4553,2639,1257,173,4069,484,1
13955,7538,1677,2536,11751,2204,1
8768,4703,1974,1994,8671,97,1
8512,5365,1730,266,7361,1151,1
4811,3118,1405,513,5036,-225,1
9845,6328,3267,2893,12488,-2643,1
8276,5347,2776,622,8745,-469,1
12780,5294,2799,400,8493,4287,0
8517,3853,1515,1777,7145,1372,1
8401,4500,3306,1624,9430,-1029,1
9889,6138,3252,1794,11184,-1295,1
14759,8497,2078,2784,13359,1400,1
12223,7437,4714,3457,15608,-3385,1
11835,6017,2801,183,9001,2834,0
10337,7222,2106,2903,12231,-1894,1
6076,4059,1975,925,6959,-883,1
6185,3397,2153,1466,7016,-831,1
8594,5680,2879,905,9464,-870,1
14592,8200,5481,4054,17735,-3143,1
13113,7075,3587,3141,13803,-690,1
14440,6441,3780,978,11199,3241,0
10481,4391,3379,1619,9389,1092,1
6337,3090,1048,712,4850,1487,0
11316,7896,4111,2733,14740,-3424,1
14295,7453,5160,1359,13972,323,1
6799,3165,780,1238,5183,1616,0
14695,7603,1493,2682,11778,2917,1
5339,3184,2017,433,5634,-295,1
13994,6017,2425,3936,12378,1616,1
4616,2291,665,211,3167,1449,0
8610,4730,2470,779,7979,631,1
12698,7649,2796,76,10521,2177,1
8783,5623,2844,1776,10243,-1460,1
10487,6460,3670,420,10550,-63,1
4891,2031,1233,1112,4376,515,1
5016,3490,704,112,4306,710,1
10454,7187,1916,1598,10701,-247,1
10177,6419,2528,224,9171,1006,1
7328,4640,2353,304,7297,31,1
9965,5947,2514,2432,10893,-928,1
9475,5993,3411,1266,10670,-1195,1
14455,6022,4361,2400,12783,1672,1
5657,2851,769,220,3840,1817,0
9797,6064,2659,2849,11572,-1775,1
9567,4193,1056,2129,7378,2189,0
7058,3641,1265,845,5751,1307,1
14075,6642,1835,2254,10731,3344,0
9708,5001,2913,2660,10574,-866,1
14094,6949,3696,2972,13617,477,1
7140,4640,1996,174,6810,330,1
11537,6224,4559,507,11290,247,1
14774,10087,4950,2358,17395,-2621,1
6892,4414,1821,967,7202,-310,1
9958,4571,2981,2358,9910,48,1
10754,7278,4251,2675,14204,-3450,1
8750,6069,2837,196,9102,-352,1
12886,6830,1620,3612,12062,824,1
11776,7292,1451,491,9234,2542,0
12591,6709,4485,852,12046,545,1
9164,4371,2289,734,7394,1770,1
12041,5217,2033,3609,10859,1182,1
8885,5796,1343,2271,9410,-525,1
14886,8012,3381,2249,13642,1244,1
14062,7814,3312,1081,12207,1855,1
5183,3382,1784,294,5460,-277,1
7436,3791,2290,958,7039,397,1
5293,2264,1935,595,4794,499,1
14686,7459,2683,2389,12531,2155,1
11473,7319,3122,336,10777,696,1
14316,8451,3319,876,12646,1670,1
10355,6224,3116,2246,11586,-1231,1
11446,5077,3440,1036,9553,1893,1
11513,6929,4511,384,11824,-311,1
10730,4734,2156,1547,8437,2293,0
6882,4271,2357,2035,8663,-1781,1
12426,5494,4669,1021,11184,1242,1
4974,2455,938,148,3541,1433,0
9472,4824,2737,854,8415,1057,1
11600,6950,3960,195,11105,495,1
8263,5330,1614,995,7939,324,1
9329,4373,1482,124,5979,3350,0
6955,3107,1437,852,5396,1559,0
4919,2467,1872,199,4538,381,1
4636,2265,1134,1086,4485,151,1
11561,4777,3712,2682,11171,390,1
10323,5659,2590,1218,9467,856,1
5414,2880,766,802,4448,966,1
7320,4393,2554,302,7249,71,1
12261,6087,2876,2576,11539,722,1
13526,5712,2938,1684,10334,3192,0
8799,5314,1308,1378,8000,799,1
11744,4925,2218,3444,10587,1157,1
9969,6019,3413,2078,11510,-1541,1
9194,3954,2515,1619,8088,1106,1
14950,8773,4815,445,14033,917,1
5458,2767,1082,44,3893,1565,0
10647,5572,2977,2487,11036,-389,1
9378,6245,3748,2020,12013,-2635,1
11481,5410,2212,3186,10808,673,1
10699,5896,2927,2798,11621,-922,1
6352,3968,789,1325,6082,270,1
5765,2882,2198,831,5911,-146,1
14545,9711,1693,3183,14587,-42,1
5053,3205,1584,869,5658,-605,1
6614,3830,1340,1860,7030,-416,1
6590,3920,2194,5,6119,471,1
11926,6841,2922,126,9889,2037,1
11548,4711,2811,2663,10185,1363,1
11258,5521,4479,1235,11235,23,1
7456,5010,1336,955,7301,155,1
12221,6953,1475,3437,11865,356,1
9661,6356,2699,1872,10927,-1266,1
12022,8288,1373,536,10197,1825,1
12853,8397,4913,3430,16740,-3887,1
9644,5250,1004,228,6482,3162,0
12237,5697,2033,1373,9103,3134,0
14572,8166,2576,276,11018,3554,0
10606,5180,3234,3145,11559,-953,1
9748,4203,1559,232,5994,3754,0
11953,6078,3105,3205,12388,-435,1
13444,8642,1415,3536,13593,-149,1
10714,4930,4259,2635,11824,-1110,1
5319,3644,550,564,4758,561,1
4959,3287,674,226,4187,772,1
9702,5578,1431,1549,8558,1144,1
13238,5394,2543,390,8327,4911,0
9128,6208,3437,151,9796,-668,1
13614,9040,1997,3120,14157,-543,1
10176,5575,2495,2205,10275,-99,1
8623,3979,3063,187,7229,1394,1
11188,7180,1836,3296,12312,-1124,1
12440,8062,4525,942,13529,-1089,1
14292,7945,4040,1941,13926,366,1
12941,7612,4852,3635,16099,-3158,1
6381,4026,797,1489,6312,69,1
14849,6671,4558,4199,15428,-579,1
6970,4404,1574,1740,7718,-748,1
7749,4272,2487,836,7595,154,1
6457,2858,930,1022,4810,1647,0
11934,6550,2414,3187,12151,-217,1
12855,8486,2485,3832,14803,-1948,1
9777,4156,3846,1194,9196,581,1
7275,3112,1957,852,5921,1354,1
10432,6271,1435,1366,9072,1360,1
6867,3720,2268,1338,7326,-459,1
14652,6200,4671,2670,13541,1111,1
4502,2557,1199,204,3960,542,1
11914,7861,1911,3295,13067,-1153,1
11750,4750,1770,2778,9298,2452,0
5307,3257,1623,616,5496,-189,1
8206,3985,1302,439,5726,2480,0
6421,4205,1689,70,5964,457,1
5090,3271,1327,1443,6041,-951,1
4462,3120,1407,642,5169,-707,1
5644,2367,1416,910,4693,951,1
4777,2839,647,765,4251,526,1
10321,4340,4075,2374,10789,-468,1
12214,6643,3473,1964,12080,134,1
8406,5826,1120,2019,8965,-559,1
7059,3887,2572,1346,7805,-746,1
6259,2690,763,1205,4658,1601,0
7248,3443,1604,1890,6937,311,1
5220,2585,1314,37,3936,1284,0
5579,3521,931,553,5005,574,1
6822,4413,753,541,5707,1115,1
14416,9611,5678,361,15650,-1234,1
7697,3597,1653,1790,7040,657,1
11289,5173,2060,1548,8781,2508,0
7137,4302,1698,386,6386,751,1
13167,7507,4870,1211,13588,-421,1
11204,6858,1389,109,8356,2848,0
13583,6004,2128,2935,11067,2516,1
12392,6453,4916,2637,14006,-1614,1
8715,4001,1960,9,5970,2745,0
4087,2681,627,248,3556,531,1
12575,5889,4484,3056,13429,-854,1
7287,3813,945,577,5335,1952,0
6823,3261,2508,1511,7280,-457,1
13399,7440,1831,1299,10570,2829,0
10503,5605,3451,1499,10555,-52,1
9753,4602,1647,774,7023,2730,0
12243,7535,3568,1608,12711,-468,1
14670,7479,4992,626,13097,1573,1
5965,2942,1528,1652,6122,-157,1
7144,4177,2351,957,7485,-341,1
12490,6699,3142,2487,12328,162,1
14376,8932,3960,481,13373,1003,1
5258,2240,704,31,2975,2283,0
6857,3109,1283,410,4802,2055,0
11949,5261,4148,410,9819,2130,1
7264,4326,2305,623,7254,10,1
10311,4336,3903,798,9037,1274,1
13153,8253,2583,2799,13635,-482,1
12500,7444,4834,280,12558,-58,1
14975,8469,2595,2513,13577,1398,1
5513,2630,1166,588,4384,1129,0
11727,5825,1430,2118,9373,2354,0
8649,4567,3110,960,8637,12,1
10958,5092,2381,2028,9501,1457,1
9258,4288,3152,1642,9082,176,1
13902,7015,5272,569,12856,1046,1
12830,8836,3809,1724,14369,-1539,1
11035,7012,2982,2575,12569,-1534,1
9182,4682,1276,1699,7657,1525,1
10882,5209,3343,1011,9563,1319,1
13969,8147,2661,550,11358,2611,1
8426,4478,2230,1826,8534,-108,1
7331,5107,2363,811,8281,-950,1
11294,7370,2065,168,9603,1691,1
14119,8955,2309,273,11537,2582,1
5607,2351,1431,1214,4996,611,1
10795,6532,2438,298,9268,1527,1
7928,3217,795,1388,5400,2528,0
5268,2746,1586,1510,5842,-574,1
6810,3448,1476,131,5055,1755,0
6971,3684,1678,958,6320,651,1
9496,4525,2910,854,8289,1207,1
6214,3243,1892,904,6039,175,1
4779,2254,1619,1189,5062,-283,1
5189,2077,1047,592,3716,1473,0
11054,7441,2414,1227,11082,-28,1
13736,6897,2919,3698,13514,222,1
12809,8125,2803,2854,13782,-973,1
7034,3217,1641,1979,6837,197,1
8924,5284,3518,2174,10976,-2052,1
4899,2419,1234,1289,4942,-43,1
13546,5712,3319,3295,12326,1220,1
11258,7198,4127,1146,12471,-1213,1
7897,4605,1821,557,6983,914,1
5383,3068,607,925,4600,783,1
4411,2003,574,983,3560,851,1
9514,5357,3712,2718,11787,-2273,1
11808,7079,1702,2372,11153,655,1
14089,9466,2777,583,12826,1263,1
8997,5832,1217,1234,8283,714,1
10629,4486,3606,2811,10903,-274,1
12010,6453,4336,3435,14224,-2214,1
9881,5483,3049,889,9421,460,1
13705,6388,2047,829,9264,4441,0
4350,2905,625,26,3556,794,1
11804,5696,1877,2469,10042,1762,1
9082,4362,1034,2678,8074,1008,1
12559,6884,4634,2299,13817,-1258,1
11503,4988,2618,465,8071,3432,0
9365,5886,2965,1095,9946,-581,1
14147,7226,2964,2621,12811,1336,1
11183,7299,3287,175,10761,422,1
13509,6585,1607,282,8474,5035,0
10941,6629,1234,1884,9747,1194,1
14034,9395,1466,482,11343,2691,1
14551,7627,2169,191,9987,4564,0
9747,4695,3800,923,9418,329,1
6689,3339,1975,771,6085,604,1
12955,6737,2022,2560,11319,1636,1
4919,2723,1133,20,3876,1043,0
11271,7662,2740,2530,12932,-1661,1
11160,7113,3488,2790,13391,-2231,1
6267,3445,2341,493,6279,-12,1
5825,2900,688,1230,4818,1007,1
14692,8148,1733,3115,12996,1696,1
4953,2607,722,446,3775,1178,0
5696,2763,1234,415,4412,1284,0
12113,7316,4486,1244,13046,-933,1
13403,6047,2562,3114,11723,1680,1
9154,4296,3357,1483,9136,18,1
7077,3356,2393,308,6057,1020,1
6047,3984,1105,940,6029,18,1
13187,6092,4666,3713,14471,-1284,1
14662,9803,3578,3007,16388,-1726,1
13760,5521,1420,3690,10631,3129,0
14902,7496,2868,3328,13692,1210,1
13305,7698,2545,3808,14051,-746,1
4422,2511,627,175,3313,1109,0
4352,2809,555,542,3906,446,1
14032,9683,1687,3255,14625,-593,1
7148,4328,1464,791,6583,565,1
9699,5746,1763,1587,9096,603,1
6252,3014,1204,1212,5430,822,1
9209,4819,1042,131,5992,3217,0
7665,4483,2070,1623,8176,-511,1
12588,8544,3257,441,12242,346,1
6260,3922,1942,41,5905,355,1
7002,3486,2394,1646,7526,-524,1
5010,2303,1672,115,4090,920,1
12406,8514,1745,915,11174,1232,1
12595,7543,3677,920,12140,455,1
13467,8798,2207,3345,14350,-883,1
8239,4536,1930,1847,8313,-74,1
9542,5862,1772,1889,9523,19,1
12317,5706,3334,1650,10690,1627,1
12137,5882,1458,1883,9223,2914,0
10221,4984,2234,2857,10075,146,1
7542,4471,2654,871,7996,-454,1
11168,4686,3833,3121,11640,-472,1
14115,9462,4836,123,14421,-306,1
11820,7130,2089,776,9995,1825,1
14324,8552,1610,200,10362,3962,0
12572,7129,1916,168,9213,3359,0
11760,7537,2909,1630,12076,-316,1
5098,3500,1559,754,5813,-715,1
10283,6268,3398,1246,10912,-629,1
4566,2477,1741,747,4965,-399,1
8903,4830,2310,2613,9753,-850,1
6596,3093,2302,577,5972,624,1
4857,3134,1059,987,5180,-323,1
13190,7392,4844,2282,14518,-1328,1
6787,2900,1920,249,5069,1718,0
8705,4268,2106,752,7126,1579,1
7838,4200,2372,52,6624,1214,1
5739,3219,1463,489,5171,568,1
9883,4640,2137,330,7107,2776,0
4113,2360,757,295,3412,701,1
14173,8593,5033,2165,15791,-1618,1
6248,3646,1413,1517,6576,-328,1
4170,2515,1260,524,4299,-129,1
8776,5954,1324,488,7766,1010,1
14959,9125,3304,4124,16553,-1594,1
7972,5297,1870,1773,8940,-968,1
7114,4340,2299,450,7089,25,1
8816,4728,3255,1604,9587,-771,1
13187,8287,1744,1613,11644,1543,1
9055,3775,3264,1161,8200,855,1
9238,5504,1680,1039,8223,1015,1
11075,4469,2070,990,7529,3546,0
13725,8428,4427,3956,16811,-3086,1
10786,6300,3574,2267,12141,-1355,1
12360,6155,1890,634,8679,3681,0
7599,4779,1775,2071,8625,-1026,1
6068,3205,1942,197,5344,724,1
13835,8266,2709,3816,14791,-956,1
8712,3640,2810,2311,8761,-49,1
12160,5802,1561,2342,9705,2455,0
8655,4761,3380,1219,9360,-705,1
12920,8645,3916,138,12699,221,1
5123,3566,1622,700,5888,-765,1
10180,6976,2852,105,9933,247,1
10184,6468,3923,538,10929,-745,1
13683,8224,1582,1547,11353,2330,1
6259,3668,2159,220,6047,212,1
12126,6206,3447,2799,12452,-326,1
8245,4048,1971,155,6174,2071,0
14702,8326,3341,874,12541,2161,1
10087,5302,2953,2490,10745,-658,1
10476,6427,4071,2809,13307,-2831,1
8801,4504,2413,614,7531,1270,1
4576,2205,1240,820,4265,311,1
12086,7109,3529,3593,14231,-2145,1
13072,8058,2592,3738,14388,-1316,1
10435,4323,3667,1295,9285,1150,1
5534,2396,1155,1614,5165,369,1
5799,2356,1289,846,4491,1308,0
4358,2479,1344,385,4208,150,1
6346,2585,1391,1611,5587,759,1
13563,8235,2094,2328,12657,906,1
8239,3635,1954,788,6377,1862,0
5360,3503,845,1261,5609,-249,1
7470,5056,1945,225,7226,244,1
11601,7998,2827,668,11493,108,1
12246,5311,2683,2145,10139,2107,1
10228,5360,1986,1931,9277,951,1
7840,5451,1044,2065,8560,-720,1
7585,4389,1488,308,6185,1400,1
8617,3990,2577,1785,8352,265,1
8230,4355,2011,322,6688,1542,1
13616,8968,1940,3723,14631,-1015,1
12603,8731,4207,3637,16575,-3972,1
14300,9382,5105,1803,16290,-1990,1
7091,3907,1595,810,6312,779,1
10311,5312,3750,450,9512,799,1
7699,3258,2239,1665,7162,537,1
10785,6424,2596,1332,10352,433,1
9255,4436,2408,712,7556,1699,1
9767,5178,3763,2156,11097,-1330,1
5476,3804,867,1084,5755,-279,1
7762,4785,1590,274,6649,1113,1
5279,3051,2031,661,5743,-464,1
13809,8948,3611,2195,14754,-945,1
4804,2221,1337,1391,4949,-145,1
9777,6817,3391,1326,11534,-1757,1
5708,3456,2280,46,5782,-74,1
8724,5991,982,1907,8880,-156,1
6124,3808,1419,854,6081,43,1
13910,8317,2262,4051,14630,-720,1
10528,5540,4112,529,10181,347,1
4795,3319,813,395,4527,268,1
7358,2970,1421,2123,6514,844,1
6356,2859,1917,1439,6215,141,1
13695,5608,2234,1742,9584,4111,0
10638,6992,4078,2279,13349,-2711,1
6769,3354,2329,1902,7585,-816,1
9631,4023,2849,2081,8953,678,1
7864,4794,3134,1967,9895,-2031,1
12963,5450,1699,399,7548,5415,0
6053,3286,761,549,4596,1457,0
9670,5619,3555,1641,10815,-1145,1
8136,4924,2323,1124,8371,-235,1
6814,3859,1863,1532,7254,-440,1
6490,2632,1858,1263,5753,737,1
5979,3392,2118,722,6232,-253,1
8705,3774,937,573,5284,3421,0
4886,3192,667,271,4130,756,1
13713,7935,4225,221,12381,1332,1
7390,4776,1828,1774,8378,-988,1
10367,4614,2624,3086,10324,43,1
10495,5428,2271,2781,10480,15,1
10381,4174,2671,460,7305,3076,0
5064,2144,927,1325,4396,668,1
6470,3211,1577,337,5125,1345,0
14153,8443,2344,3965,14752,-599,1
14478,8608,1575,3386,13569,909,1
14747,9629,4425,4414,18468,-3721,1
4718,2775,1511,1304,5590,-872,1
10225,5677,2145,706,8528,1697,1
13174,7730,1336,3233,12299,875,1
9193,6164,1713,2615,10492,-1299,1
13223,6070,1798,2949,10817,2406,1
6156,3007,1485,659,5151,1005,1
6127,2692,1793,581,5066,1061,1
12881,8987,2696,312,11995,886,1
9517,6415,1381,764,8560,957,1
5216,2556,2079,987,5622,-406,1
9932,4589,1874,2128,8591,1341,1
7097,4734,2371,635,7740,-643,1
10423,7089,2740,2901,12730,-2307,1
14010,6678,4367,617,11662,2348,1
9533,6509,1236,1433,9178,355,1
9415,5602,1506,2529,9637,-222,1
13606,7274,3261,1549,12084,1522,1
5929,3778,1130,831,5739,190,1
9836,5141,1218,2098,8457,1379,1
5661,3808,957,1582,6347,-686,1
5967,3018,1476,880,5374,593,1
10027,4856,3504,231,8591,1436,1
12210,6028,1753,3026,10807,1403,1
11428,5271,2032,646,7949,3479,0
8897,3757,1740,1967,7464,1433,1
13649,6402,1472,3527,11401,2248,1
14098,9407,1482,3838,14727,-629,1
11701,5709,4514,12,10235,1466,1
9885,6068,1321,2292,9681,204,1
4398,2044,1683,1069,4796,-398,1
5960,2729,1554,1725,6008,-48,1
11788,5224,4086,2834,12144,-356,1
7356,3750,1658,396,5804,1552,0
8182,5096,1821,340,7257,925,1
14283,8089,2563,3549,14201,82,1
10429,5432,2657,216,8305,2124,0
6761,4626,2358,1028,8012,-1251,1
12343,6022,1349,2310,9681,2662,0
8450,5781,2127,1673,9581,-1131,1
7297,3973,1939,2124,8036,-739,1
10962,6050,3010,2330,11390,-428,1
11433,5180,3825,398,9403,2030,1
12103,8238,3997,3270,15505,-3402,1
7328,4337,1556,83,5976,1352,1
7410,3634,2700,1142,7476,-66,1
12295,8544,1843,2082,12469,-174,1
11069,5426,2999,579,9004,2065,1
8112,5237,1565,565,7367,745,1
14748,7087,1597,1822,10506,4242,0
13416,6081,2403,103,8587,4829,0
11448,7947,2314,1074,11335,113,1
11165,7345,3472,580,11397,-232,1
10103,4344,1616,1036,6996,3107,0
14612,8482,5290,2888,16660,-2048,1
12661,6532,1784,1390,9706,2955,0
14496,7971,5027,3135,16133,-1637,1
13821,8565,4448,2739,15752,-1931,1
14469,6989,3616,701,11306,3163,0
7675,5365,1706,1465,8536,-861,1
6535,4022,1988,360,6370,165,1
12181,5256,3980,3016,12252,-71,1
11708,7332,3643,2554,13529,-1821,1
11893,5097,3088,2910,11095,798,1
8953,4354,2022,465,6841,2112,0
14661,7772,5723,2674,16169,-1508,1
6789,4129,1257,97,5483,1306,1
4293,2432,754,412,3598,695,1
5552,3297,1709,702,5708,-156,1
13231,6838,1695,2531,11064,2167,1
12663,7154,3913,1386,12453,210,1
6096,2531,1718,1435,5684,412,1
11152,7494,1824,1401,10719,433,1
4134,1920,700,365,2985,1149,0
7186,3264,1779,1330,6373,813,1
7559,3900,1571,326,5797,1762,0
6841,3581,1951,549,6081,760,1
13112,5908,4840,1234,11982,1130,1
10960,5182,3874,885,9941,1019,1
9384,5779,2688,489,8956,428,1
12403,5722,1242,2652,9616,2787,0
6933,3075,2133,2041,7249,-316,1
14903,7551,2114,1160,10825,4078,0
11714,6683,1352,1269,9304,2410,0
4337,1809,1725,819,4353,-16,1
14532,6831,1974,4127,12932,1600,1
14429,7671,3791,2869,14331,98,1
7328,3666,2039,293,5998,1330,1
7997,5223,1333,1467,8023,-26,1
10597,7305,2393,1433,11131,-534,1
10530,5358,1692,891,7941,2589,0
14482,9823,3561,869,14253,229,1
6370,3453,1932,963,6348,22,1
7240,4791,1870,766,7427,-187,1
5615,2442,1231,1125,4798,817,1
4134,2433,1223,594,4250,-116,1
6955,3873,2313,581,6767,188,1
14749,9548,2637,1136,13321,1428,1
13977,6760,4855,454,12069,1908,1
12017,4820,4429,3,9252,2765,0
4140,2733,1554,619,4906,-766,1
5434,2720,1310,848,4878,556,1
14783,9444,2660,2021,14125,658,1
9242,3950,2136,83,6169,3073,0
5115,2114,1766,1117,4997,118,1
11701,7812,3870,3344,15026,-3325,1
9539,5227,2175,1104,8506,1033,1
11388,7370,3557,437,11364,24,1
10944,6188,1790,475,8453,2491,0
14684,7749,3663,3384,14796,-112,1
9460,5223,1263,2212,8698,762,1
14843,7503,5454,1223,14180,663,1
12426,7519,2078,1314,10911,1515,1
4912,2876,1901,489,5266,-354,1
6791,4425,2685,356,7466,-675,1
4701,2095,1099,1278,4472,229,1
4060,2505,622,97,3224,836,0
11702,5264,3134,2238,10636,1066,1
10647,7265,3028,2743,13036,-2389,1
12888,6726,5079,3032,14837,-1949,1
5631,3281,1039,302,4622,1009,1
14172,9565,2442,3023,15030,-858,1
14531,9205,1846,215,11266,3265,0
4189,2720,432,347,3499,690,1
12512,6710,3517,607,10834,1678,1
12803,5340,3087,2187,10614,2189,1
4680,2370,1686,395,4451,229,1
8908,3785,1960,1177,6922,1986,0
5931,3656,918,1140,5714,217,1
8195,4514,1612,814,6940,1255,1
13101,8960,3252,133,12345,756,1
14623,10176,4825,4194,19195,-4572,1
13235,6599,3586,1569,11754,1481,1
13078,5696,3451,42,9189,3889,0
13629,5681,4776,1207,11664,1965,1
9838,4244,1730,757,6731,3107,0
5354,3024,1489,632,5145,209,1
9860,5914,1912,1309,9135,725,1
6381,3538,2143,625,6306,75,1
6672,2797,1210,722,4729,1943,0
13880,6650,3974,4100,14724,-844,1
12741,6578,4747,677,12002,739,1
5599,2610,901,315,3826,1773,0
5232,2702,1870,651,5223,9,1
9064,6311,2586,1530,10427,-1363,1
13859,6794,2713,821,10328,3531,0
6393,3316,1360,915,5591,802,1
10027,6947,2290,2179,11416,-1389,1
8239,4559,953,902,6414,1825,0
11278,6389,1183,1524,9096,2182,1
7437,3933,839,515,5287,2150,0
11820,7639,2484,1516,11639,181,1
5191,3624,1210,246,5080,111,1
14082,7499,3256,3349,14104,-22,1
12119,6174,3969,1370,11513,606,1
4090,1686,577,53,2316,1774,0
13192,9200,4073,1979,15252,-2060,1
5423,3057,884,1599,5540,-117,1
4883,3303,756,559,4618,265,1
10505,4299,3352,677,8328,2177,0
10370,6100,1979,29,8108,2262,0
12262,5753,4733,2489,12975,-713,1
8685,5911,1091,1915,8917,-232,1
9275,3876,1590,420,5886,3389,0
6592,4199,2283,1483,7965,-1373,1
4294,2541,1332,664,4537,-243,1
7172,3043,1645,810,5498,1674,0
8570,4612,2385,454,7451,1119,1
6990,4059,2188,1053,7300,-310,1
6651,2950,2362,34,5346,1305,1
7619,3203,2294,1607,7104,515,1
7775,3659,2456,977,7092,683,1
13154,6915,4981,3173,15069,-1915,1
10974,6016,2539,2341,10896,78,1
4605,2909,1821,1233,5963,-1358,1
7069,3606,2022,260,5888,1181,1
7293,4753,1933,1445,8131,-838,1
5172,3253,1996,1255,6504,-1332,1
11957,7814,1518,213,9545,2412,0
9469,4803,1869,2052,8724,745,1
13667,9389,4713,350,14452,-785,1
6150,4090,1487,1178,6755,-605,1
12197,8272,3670,1248,13190,-993,1
10611,6637,3382,1820,11839,-1228,1
8228,5491,1099,529,7119,1109,1
13713,8353,4620,3910,16883,-3170,1
9768,5406,2648,607,8661,1107,1
12812,7071,5124,2265,14460,-1648,1
10603,6574,3735,879,11188,-585,1
6180,3982,1498,670,6150,30,1
14563,8472,2689,420,11581,2982,0
10151,5726,3642,1263,10631,-480,1
11321,4959,3065,953,8977,2344,0
11492,7900,2864,1098,11862,-370,1
12240,6973,3278,3546,13797,-1557,1
12884,5626,4186,2059,11871,1013,1
4681,3042,633,1324,4999,-318,1
8489,5937,2521,1594,10052,-1563,1
6575,2885,1920,970,5775,800,1
4813,2830,1516,572,4918,-105,1
5643,2777,2241,123,5141,502,1
5057,2257,1871,742,4870,187,1
5447,3086,2095,692,5873,-426,1
5090,2588,1737,1395,5720,-630,1
4010,2074,1321,928,4323,-313,1
8180,5517,988,301,6806,1374,1
8682,4704,1424,1612,7740,942,1
11886,6696,4477,1109,12282,-396,1
8380,5478,1887,1635,9000,-620,1
8367,5103,3340,158,8601,-234,1
13476,6217,4394,2371,12982,494,1
10788,6020,3028,1760,10808,-20,1
4657,2834,786,1038,4658,-1,1
5368,2607,1771,349,4727,641,1
6228,4306,1446,1450,7202,-974,1
11509,6238,2888,2042,11168,341,1
11864,7277,4496,1312,13085,-1221,1
7784,4118,2605,509,7232,552,1
10500,4472,3324,1545,9341,1159,1
9792,4830,3473,2793,11096,-1304,1
8170,4000,3118,1422,8540,-370,1
7310,4991,1333,18,6342,968,1
5410,2370,994,672,4036,1374,0
8590,5573,3313,509,9395,-805,1
14392,9272,4801,1492,15565,-1173,1
8390,5625,1805,405,7835,555,1
14834,8859,4140,1134,14133,701,1
6655,4053,919,984,5956,699,1
7101,2963,2331,1011,6305,796,1
8514,4852,2932,1226,9010,-496,1
7741,3688,1863,2104,7655,86,1
5494,2649,572,12,3233,2261,0
10101,5332,2558,2308,10198,-97,1
4377,2807,1243,807,4857,-480,1
4905,2518,930,1393,4841,64,1
11124,7600,2486,1143,11229,-105,1
6593,2734,791,1360,4885,1708,0
5146,3454,545,196,4195,951,1
6625,4197,1979,1312,7488,-863,1
13341,7938,2951,1216,12105,1236,1
14055,6572,4181,3846,14599,-544,1
10839,6284,2599,2181,11064,-225,1
6861,4118,1232,418,5768,1093,1
8826,3975,2775,969,7719,1107,1
8020,5392,2281,1574,9247,-1227,1
8944,4332,3240,2520,10092,-1148,1
7399,3648,2165,888,6701,698,1
7545,5008,2153,1787,8948,-1403,1
8023,4368,854,1367,6589,1434,1
10003,6836,2109,1434,10379,-376,1
12945,5707,3650,2543,11900,1045,1
13211,8865,3020,1188,13073,138,1
8381,4814,1454,1839,8107,274,1
13031,6332,1886,2617,10835,2196,1
12340,6918,4151,3331,14400,-2060,1
6708,4323,1255,1126,6704,4,1
11456,4981,3549,1359,9889,1567,1
10435,5986,2137,568,8691,1744,1
9789,6295,1020,2803,10118,-329,1
13965,5625,1648,2343,9616,4349,0
11636,5360,3774,116,9250,2386,0
9272,4603,2326,474,7403,1869,0
8764,4314,3419,269,8002,762,1
5830,3408,650,709,4767,1063,1
13484,6050,4608,2151,12809,675,1
7621,3689,1794,620,6103,1518,1
10130,5968,1455,2147,9570,560,1
12921,6476,2937,3608,13021,-100,1
13783,9279,3589,1977,14845,-1062,1
8577,3642,3393,153,7188,1389,1
11483,4662,1175,1932,7769,3714,0
10896,5667,1404,1892,8963,1933,1
14857,8331,4390,178,12899,1958,1
7263,3792,2658,23,6473,790,1
5889,2628,658,221,3507,2382,0
11006,7011,2953,1651,11615,-609,1
9838,4621,2284,1142,8047,1791,1
8176,3659,2058,2303,8020,156,1
8155,4545,2789,1192,8526,-371,1
7793,4155,1221,1834,7210,583,1
13705,6559,2362,2508,11429,2276,1
13073,6752,2958,2295,12005,1068,1
14394,6777,1596,329,8702,5692,0
8539,5297,1935,2015,9247,-708,1
9919,6521,2231,2467,11219,-1300,1
13176,7225,3196,208,10629,2547,1
10635,4570,3871,2176,10617,18,1
7473,4690,2039,1819,8548,-1075,1
6872,4153,2107,1099,7359,-487,1
7160,3644,2363,1523,7530,-370,1
8477,4963,1378,1494,7835,642,1
11638,5507,2528,3289,11324,314,1
11918,7011,2086,1714,10811,1107,1
12993,5268,2932,152,8352,4641,0
5959,2438,916,357,3711,2248,0
5677,3269,1101,1591,5961,-284,1
6829,2789,2699,187,5675,1154,1
6268,3476,1043,965,5484,784,1
6500,3892,2416,813,7121,-621,1
8446,4300,2341,669,7310,1136,1
11162,7012,2045,3001,12058,-896,1
9436,5410,2357,27,7794,1642,1
9618,5633,3556,2689,11878,-2260,1
13164,6184,4585,1369,12138,1026,1
4305,1899,894,1284,4077,228,1
5861,3271,1156,1107,5534,327,1
10142,4143,1506,3037,8686,1456,1
14704,7133,2553,3497,13183,1521,1
11198,5596,4207,2113,11916,-718,1
14535,8276,5317,3927,17520,-2985,1
13403,6225,5289,1700,13214,189,1
8464,4394,2329,1113,7836,628,1
8008,5557,3098,2052,10707,-2699,1
8710,4422,2563,1214,8199,511,1
12018,5884,3591,1217,10692,1326,1
7668,3789,2042,1099,6930,738,1
8654,5247,2672,2212,10131,-1477,1
14327,5783,4209,240,10232,4095,0
13066,5575,2324,1810,9709,3357,0
13337,8684,4865,3696,17245,-3908,1
10619,7395,2077,3144,12616,-1997,1
6102,4168,821,1421,6410,-308,1
12332,8450,4764,747,13961,-1629,1
11458,6633,1225,287,8145,3313,0
5572,3489,2121,704,6314,-742,1
7089,4010,2644,152,6806,283,1
11946,5547,4593,1836,11976,-30,1
12232,7584,3275,1665,12524,-292,1
12245,6749,1714,2761,11224,1021,1
10474,6099,1610,1114,8823,1651,1
13434,7654,2587,3565,13806,-372,1
4215,2485,982,103,3570,645,1
9904,5712,2627,355,8694,1210,1
12535,8733,2446,721,11900,635,1
11095,6019,3081,2471,11571,-476,1
8329,3523,1261,184,4968,3361,0
12654,7835,4023,1905,13763,-1109,1
4677,2680,1366,408,4454,223,1
9032,4123,2337,2626,9086,-54,1
4606,2833,1433,1002,5268,-662,1
14725,7802,4193,3018,15013,-288,1
5295,3512,1199,1538,6249,-954,1
7306,3527,2869,105,6501,805,1
12499,7793,2541,2687,13021,-522,1
6470,4376,1450,180,6006,464,1
8312,5664,2502,220,8386,-74,1
13400,9213,4549,1227,14989,-1589,1
7091,3553,1943,1866,7362,-271,1
12991,7044,3481,3790,14315,-1324,1
9720,5645,1990,1115,8750,970,1
11439,7705,1227,704,9636,1803,1
9356,5509,3137,2208,10854,-1498,1
10798,5885,3799,186,9870,928,1
14277,8819,2310,691,11820,2457,1
7840,4928,2162,101,7191,649,1
6224,3608,1517,792,5917,307,1
10188,5779,3281,607,9667,521,1
9781,5393,1921,545,7859,1922,1
9999,6380,2115,1685,10180,-181,1
4573,3079,464,1130,4673,-100,1
7768,5410,2997,2085,10492,-2724,1
13861,6583,1618,213,8414,5447,0
4035,1763,571,230,2564,1471,0
11839,6859,1864,84,8807,3032,0
6587,4322,1721,933,6976,-389,1
8930,4314,2128,1781,8223,707,1
14031,9510,2379,487,12376,1655,1
12473,8072,2213,443,10728,1745,1
13406,7735,1568,3349,12652,754,1
6110,4040,1265,1048,6353,-243,1
9129,4209,3188,513,7910,1219,1
4227,2818,1550,1135,5503,-1276,1
14949,8626,5964,1241,15831,-882,1
11520,7130,3239,1326,11695,-175,1
11864,8213,2351,501,11065,799,1
14945,8615,3580,1017,13212,1733,1
10942,7555,3940,477,11972,-1030,1
5232,2744,1740,491,4975,257,1
10235,4196,2769,524,7489,2746,0
9511,5686,1977,1737,9400,111,1
4068,1634,408,1124,3166,902,0
7112,3843,2708,627,7178,-66,1
4469,2674,1684,1007,5365,-896,1
7391,3367,1564,49,4980,2411,0
4292,2651,592,309,3552,740,1
4553,2847,870,1226,4943,-390,1
8720,5092,1386,1564,8042,678,1
14356,5859,1593,480,7932,6424,0
11727,4880,1646,1426,7952,3775,0
14153,6338,4073,1911,12322,1831,1
10932,6718,1204,1508,9430,1502,1
4376,2014,1046,601,3661,715,1
10288,5765,1471,1387,8623,1665,1
4066,1846,1490,471,3807,259,1
14777,10222,4531,1506,16259,-1482,1
7586,5150,2149,1458,8757,-1171,1
4554,2272,1311,1316,4899,-345,1
14988,7056,1639,3834,12529,2459,1
7696,4762,1482,1853,8097,-401,1
13982,6073,3988,3391,13452,530,1
7497,3797,1025,251,5073,2424,0
13732,6078,4233,3732,14043,-311,1
7246,3097,2542,237,5876,1370,1
11539,8004,1498,1309,10811,728,1
13678,5760,5203,2392,13355,323,1
4673,2895,1397,1333,5625,-952,1
9693,4367,3546,1495,9408,285,1
7797,5391,2625,498,8514,-717,1
4862,1987,1841,956,4784,78,1
14228,8489,5335,1668,15492,-1264,1
14165,7208,3169,3684,14061,104,1
5064,2623,766,595,3984,1080,0
7856,4461,1082,1059,6602,1254,1
5404,2206,1757,1259,5222,182,1
10220,4139,3736,2364,10239,-19,1
14500,6319,1883,4284,12486,2014,1
9415,5805,2596,1119,9520,-105,1
11399,7325,3310,1237,11872,-473,1
10320,5783,1096,145,7024,3296,0
12837,6810,3563,1792,12165,672,1
10573,6648,3536,2088,12272,-1699,1
12845,7716,4030,2309,14055,-1210,1
13767,9020,3220,698,12938,829,1
8481,5776,1356,1300,8432,49,1
5682,3946,902,622,5470,212,1
6590,2752,1099,743,4594,1996,0
11310,6027,4356,1643,12026,-716,1
4401,2358,618,62,3038,1363,0
13939,7695,1722,1401,10818,3121,0
7146,4763,1933,935,7631,-485,1
8324,3539,922,2312,6773,1551,1
9623,6268,1287,2082,9637,-14,1
5104,2983,1774,938,5695,-591,1
4907,3044,1301,161,4506,401,1
13293,6331,3912,711,10954,2339,1
9178,5228,1520,148,6896,2282,0
4088,1874,411,1127,3412,676,1
14587,7457,2062,2896,12415,2172,1
10509,6250,3328,634,10212,297,1
6878,2962,1512,214,4688,2190,0
14765,10188,1860,4362,16410,-1645,1
12795,5666,4513,1609,11788,1007,1
9376,6033,1757,1495,9285,91,1
14246,8639,2849,461,11949,2297,1
4414,2459,489,836,3784,630,1
5266,2604,1771,1062,5437,-171,1
6705,3128,794,620,4542,2163,0
13480,9002,1854,1076,11932,1548,1
10663,5139,3264,833,9236,1427,1
5834,2509,1319,1042,4870,964,1
10254,4817,3269,2557,10643,-389,1
14897,10323,2589,2957,15869,-972,1
12075,6968,2936,869,10773,1302,1
5611,2273,1946,1004,5223,388,1
9243,4008,2207,2728,8943,300,1
7450,4151,2333,95,6579,871,1
8243,4391,1434,2408,8233,10,1
4881,2007,1515,1376,4898,-17,1
10660,5496,3633,2212,11341,-681,1
8427,5663,3250,1409,10322,-1895,1
12143,4883,3781,1177,9841,2302,1
12040,5746,3018,2513,11277,763,1
13947,7256,4911,289,12456,1491,1
10591,4654,3081,569,8304,2287,0
9522,5008,2180,2007,9195,327,1
10132,4239,3867,1732,9838,294,1
11576,6600,1386,3066,11052,524,1
13191,7274,1836,2517,11627,1564,1
10963,4557,4246,2621,11424,-461,1
7107,4321,854,512,5687,1420,1
12545,8195,3998,711,12904,-359,1
7633,5011,2923,2113,10047,-2414,1
12498,5359,1569,371,7299,5199,0
4599,2178,1384,130,3692,907,1
12124,6686,3128,321,10135,1989,1
5547,3856,1069,1504,6429,-882,1
14491,8798,3403,920,13121,1370,1
9882,5209,3902,1306,10417,-535,1
8903,3773,3202,770,7745,1158,1
13538,8465,1632,2900,12997,541,1
14883,10365,3431,1281,15077,-194,1
5690,2966,1316,445,4727,963,1
9751,4725,1778,2744,9247,504,1
11029,6573,2962,2119,11654,-625,1
12562,7991,3608,310,11909,653,1
9066,4692,3258,2263,10213,-1147,1
7969,4932,1759,261,6952,1017,1
14841,9010,1886,1429,12325,2516,1
13158,5568,3645,2532,11745,1413,1
10919,5713,1275,2032,9020,1899,1
5655,2380,578,1083,4041,1614,0
4026,2373,855,323,3551,475,1
5458,3644,862,905,5411,47,1
8327,3886,1005,271,5162,3165,0
14687,7445,1761,1583,10789,3898,0
13599,7249,4151,976,12376,1223,1
6677,4358,2483,485,7326,-649,1
5026,2704,1436,1176,5316,-290,1
13680,6080,5402,137,11619,2061,1
9320,6507,3406,2290,12203,-2883,1
14899,9083,3573,134,12790,2109,1
12740,7637,3991,3178,14806,-2066,1
4306,2773,673,377,3823,483,1
10134,4116,3700,1740,9556,578,1
14912,10346,4539,3219,18104,-3192,1
14906,10156,4737,2791,17684,-2778,1
14782,6036,3319,3321,12676,2106,1
4470,2642,849,1029,4520,-50,1
13805,7129,2728,2401,12258,1547,1
13791,8025,3558,3108,14691,-900,1
8193,5299,2339,1226,8864,-671,1
14444,6197,4574,4213,14984,-540,1
10444,4379,1783,3039,9201,1243,1
4981,2710,743,1485,4938,43,1
4010,2041,417,1041,3499,511,1
14972,10177,4013,2424,16614,-1642,1
10071,5194,2518,1652,9364,707,1
5710,2556,1918,865,5339,371,1
11636,7113,2010,2538,11661,-25,1
11236,7411,2777,1272,11460,-224,1
11694,8058,4056,3429,15543,-3849,1
11174,4593,2509,3336,10438,736,1
12057,5594,4478,1001,11073,984,1
11222,4872,3501,295,8668,2554,0
6606,2918,2602,1750,7270,-664,1
7661,3332,1530,1069,5931,1730,0
13021,7818,3871,375,12064,957,1
8347,5277,1211,1944,8432,-85,1
4770,2280,1692,456,4428,342,1
7067,3324,2663,1905,7892,-825,1
5907,3363,1487,674,5524,383,1
11715,8120,4608,3221,15949,-4234,1
5146,3164,898,60,4122,1024,1
14051,6842,3246,2510,12598,1453,1
7057,3162,2002,2035,7199,-142,1
11478,7128,2731,793,10652,826,1
10783,5505,3305,2305,11115,-332,1
8794,4743,1341,1640,7724,1070,1
8008,4693,2813,2260,9766,-1758,1
12682,7228,3882,3499,14609,-1927,1
7931,3727,1800,574,6101,1830,0
13391,5602,2924,2136,10662,2729,0
7741,3698,2657,1694,8049,-308,1
11134,5890,1527,1182,8599,2535,0
14706,6578,2445,4337,13360,1346,1
9880,5706,1737,1755,9198,682,1
11633,6439,3718,395,10552,1081,1
4698,2680,898,753,4331,367,1
9538,6212,3800,1011,11023,-1485,1
10392,4401,3526,3089,11016,-624,1
10054,6484,3996,867,11347,-1293,1
12677,5223,4369,1254,10846,1831,1
12582,5438,1269,806,7513,5069,0
6306,3641,833,650,5124,1182,1
12924,7686,4068,850,12604,320,1
9717,5439,1276,1998,8713,1004,1
7220,4049,2311,1167,7527,-307,1
4838,2747,1710,1406,5863,-1025,1
6235,4309,1008,1278,6595,-360,1
8340,3371,916,2260,6547,1793,0
9194,4440,3052,2216,9708,-514,1
7413,3246,819,589,4654,2759,0
11444,7579,3559,570,11708,-264,1
8514,3606,1711,1425,6742,1772,0
6815,4307,1843,717,6867,-52,1
14400,6141,4934,2542,13617,783,1
11281,5391,2997,1478,9866,1415,1
7881,4400,1188,1,5589,2292,0
4032,1796,1429,196,3421,611,1
7997,3765,902,76,4743,3254,0
5200,3092,861,809,4762,438,1
12954,8328,2955,1211,12494,460,1
10410,6648,4148,200,10996,-586,1
7922,4648,1739,1941,8328,-406,1
11648,6917,1965,1991,10873,775,1
8019,5028,1241,1443,7712,307,1
11364,5682,1444,2573,9699,1665,1
12528,7544,2066,3718,13328,-800,1
10973,7478,3419,142,11039,-66,1
6830,2777,1784,103,4664,2166,0
11726,7496,1659,1833,10988,738,1
14917,7516,5933,3313,16762,-1845,1
5346,2907,1420,1344,5671,-325,1
8258,4002,2798,930,7730,528,1
13568,7489,4449,2577,14515,-947,1
13758,6182,1982,1918,10082,3676,0
7085,3283,1222,1603,6108,977,1
11374,7727,4032,781,12540,-1166,1
8680,4490,2579,1512,8581,99,1
13933,9325,4649,1635,15609,-1676,1
10167,4461,2954,47,7462,2705,0
13573,8231,1461,2226,11918,1655,1
9968,5544,1096,1825,8465,1503,1
5736,3697,633,276,4606,1130,1
4315,1889,691,1029,3609,706,1
14021,8919,5254,504,14677,-656,1
5122,2963,1146,1126,5235,-113,1
13493,8133,4470,2018,14621,-1128,1
6888,4769,1899,1111,7779,-891,1
13121,5740,2846,2008,10594,2527,1
13253,7234,5156,316,12706,547,1
8498,4245,1158,70,5473,3025,0
5571,2802,1822,1244,5868,-297,1
11563,5965,1286,1513,8764,2799,0
14026,9607,4381,1330,15318,-1292,1
7686,4664,2175,690,7529,157,1
7123,3752,2815,691,7258,-135,1
9968,4541,2897,117,7555,2413,0
6415,4254,2196,116,6566,-151,1
13079,7020,3996,1002,12018,1061,1
6464,3116,2563,1171,6850,-386,1
13733,8600,2523,918,12041,1692,1
8029,5008,1930,1393,8331,-302,1
4981,3382,1127,479,4988,-7,1
13130,8643,1438,337,10418,2712,0
13508,7176,3445,2980,13601,-93,1
7317,3058,2907,36,6001,1316,1
12193,5843,4240,893,10976,1217,1
7466,4450,1711,932,7093,373,1
5430,2458,1815,365,4638,792,1
9256,6118,1278,2602,9998,-742,1
11368,6653,3664,2639,12956,-1588,1
6405,4368,2283,349,7000,-595,1
14970,6413,3840,1761,12014,2956,1
12261,7537,1868,1990,11395,866,1
12129,6437,1449,3011,10897,1232,1
13558,6402,3969,1579,11950,1608,1
12017,5505,2890,1471,9866,2151,1
4892,3162,1670,400,5232,-340,1
7620,4680,1104,173,5957,1663,0
7691,3487,2577,514,6578,1113,1
10396,4252,1206,2021,7479,2917,0
10851,5191,3666,2629,11486,-635,1
9584,4710,3365,2595,10670,-1086,1
7233,3615,824,370,4809,2424,0
11499,4912,3080,2538,10530,969,1
13455,8731,3700,754,13185,270,1
5434,3568,1785,1508,6861,-1427,1
12261,7102,1626,1,8729,3532,0
8585,5359,1348,831,7538,1047,1
8302,5272,3311,432,9015,-713,1
13442,9256,4086,3434,16776,-3334,1
14525,9878,2700,1558,14136,389,1
6156,4201,877,661,5739,417,1
13569,8020,5408,2063,15491,-1922,1
6671,4348,2192,338,6878,-207,1
10944,7328,3064,7,10399,545,1
13528,7918,4709,1778,14405,-877,1
14963,9810,4878,404,15092,-129,1
10587,5838,3832,1475,11145,-558,1
13395,8154,5053,1144,14351,-956,1
14451,8313,3938,1311,13562,889,1
5382,2276,1262,1476,5014,368,1
12732,8530,3946,2924,15400,-2668,1
14544,6668,3056,1460,11184,3360,0
9253,5197,3103,1417,9717,-464,1
8643,5698,2346,348,8392,251,1
8014,5024,2649,2144,9817,-1803,1
10435,5810,4035,1301,11146,-711,1
10834,6877,3696,2381,12954,-2120,1
6807,2907,762,1127,4796,2011,0
7070,4503,894,509,5906,1164,1
10580,4366,2060,452,6878,3702,0
14389,8195,2787,2983,13965,424,1
10221,7144,3890,3036,14070,-3849,1
14225,7563,4891,3997,16451,-2226,1
5816,2923,1551,838,5312,504,1
13295,8630,3485,683,12798,497,1
6232,3012,1358,1820,6190,42,1
4143,2341,670,505,3516,627,1
10266,6530,2497,2530,11557,-1291,1
14743,6954,2839,2296,12089,2654,1
14463,7843,3084,435,11362,3101,0
10943,7031,3863,1748,12642,-1699,1
10196,4141,3364,1167,8672,1524,1
14713,7024,5837,2114,14975,-262,1
6002,3049,1260,1585,5894,108,1
6172,3604,656,1245,5505,667,1
14326,9725,5705,327,15757,-1431,1
13018,8356,5061,1067,14484,-1466,1
8585,4390,1305,1535,7230,1355,1
8798,5563,2610,1458,9631,-833,1
8147,5010,2014,1955,8979,-832,1
7624,4926,2320,426,7672,-48,1
4044,2620,1277,777,4674,-630,1
7778,3753,2525,441,6719,1059,1
6192,4009,1355,658,6022,170,1
5354,3256,1605,198,5059,295,1
10825,4405,2805,957,8167,2658,0
6931,4329,955,653,5937,994,1
4644,2326,889,492,3707,937,0
13143,8695,3268,963,12926,217,1
11329,5524,2657,2178,10359,970,1
4761,2816,1059,1192,5067,-306,1
13163,5756,3466,2818,12040,1123,1
13193,5708,3431,1882,11021,2172,1
5883,3040,1620,1369,6029,-146,1
13584,9134,4146,1337,14617,-1033,1
6529,3631,1363,1182,6176,353,1
4030,2014,882,361,3257,773,1
12603,6598,1572,3506,11676,927,1
6693,3419,1067,1424,5910,783,1
6742,4290,1590,685,6565,177,1
13287,9228,4032,422,13682,-395,1
14207,7136,4329,1356,12821,1386,1
8695,5864,2382,2306,10552,-1857,1
6634,3554,1005,441,5000,1634,0
9998,4476,3098,42,7616,2382,0
5841,2518,1342,730,4590,1251,0
4020,1682,1195,1172,4049,-29,1
13908,7795,3570,1123,12488,1420,1
6643,3410,1960,1667,7037,-394,1
7200,4193,2606,1085,7884,-684,1
14626,7112,1802,36,8950,5676,0
4089,2228,929,676,3833,256,1
10254,6477,1387,668,8532,1722,1
11596,6231,4579,1753,12563,-967,1
5272,3669,658,962,5289,-17,1
9021,6221,2800,1623,10644,-1623,1
4251,2961,1376,1097,5434,-1183,1
4749,2946,1445,901,5292,-543,1
6645,4162,2154,129,6445,200,1
5302,3273,1505,1509,6287,-985,1
4558,2728,776,139,3643,915,0
6479,3935,1012,349,5296,1183,1
4420,2172,1044,1317,4533,-113,1
6551,3898,2280,1724,7902,-1351,1
5438,2423,2081,850,5354,84,1
9364,5670,1290,1451,8411,953,1
14338,5867,5423,742,12032,2306,1
14952,7988,4177,426,12591,2361,1
8732,4786,2816,1974,9576,-844,1
12112,7347,3384,2738,13469,-1357,1
6177,2858,2457,659,5974,203,1
10399,5429,3132,2499,11060,-661,1
8496,5252,1391,1334,7977,519,1
6928,3809,2200,605,6614,314,1
14446,6350,3296,4189,13835,611,1
5990,2953,2290,140,5383,607,1
7028,3701,1214,1856,6771,257,1
13213,7227,2943,2751,12921,292,1
6312,3797,1841,1441,7079,-767,1
8749,3524,1801,1340,6665,2084,0
8488,5593,2761,290,8644,-156,1
6859,3093,1085,754,4932,1927,0
5182,2196,1520,919,4635,547,1
13629,9133,5165,368,14666,-1037,1
11578,7150,2097,2217,11464,114,1
7219,3276,2309,296,5881,1338,1
7444,4233,1192,1006,6431,1013,1
4678,2986,1184,1112,5282,-604,1
5811,3841,1821,875,6537,-726,1
10881,4860,2466,616,7942,2939,0
12943,5761,2216,1415,9392,3551,0
8355,3481,1892,1608,6981,1374,1
7842,4354,2929,1717,9000,-1158,1
10627,7272,1902,2994,12168,-1541,1
6983,3176,1647,1928,6751,232,1
8287,4279,2834,358,7471,816,1
9692,4209,1060,193,5462,4230,0
9526,6008,1990,2787,10785,-1259,1
5618,2294,1214,62,3570,2048,0
14782,6244,4778,4248,15270,-488,1
13170,8929,1684,1536,12149,1021,1
8982,6248,1951,1058,9257,-275,1
14213,8574,3393,3997,15964,-1751,1
8341,3592,2385,503,6480,1861,0
7503,4332,2803,2024,9159,-1656,1
11253,6480,2731,2440,11651,-398,1
14228,6172,1770,249,8191,6037,0
9664,4145,2100,638,6883,2781,0
10315,5718,1810,1568,9096,1219,1
7420,3810,2016,270,6096,1324,1
10838,4474,2122,2646,9242,1596,1
11230,4678,2515,1997,9190,2040,1
5623,3446,1189,1407,6042,-419,1
4771,2363,563,71,2997,1774,0
6136,2863,1313,261,4437,1699,0
13984,8435,4759,3278,16472,-2488,1
13435,5547,3176,490,9213,4222,0
6666,4547,2647,488,7682,-1016,1
7296,3422,2009,64,5495,1801,0
4682,3177,1083,537,4797,-115,1
7685,3516,2005,1217,6738,947,1
13739,5523,5340,978,11841,1898,1
11066,4640,1686,780,7106,3960,0
12105,7760,3884,120,11764,341,1
13498,6159,1696,2112,9967,3531,0
7087,4353,1282,1811,7446,-359,1
9347,6101,3528,539,10168,-821,1
11531,5672,3366,439,9477,2054,1
13803,9306,4149,944,14399,-596,1
7399,3927,1200,2003,7130,269,1
5088,2288,916,195,3399,1689,0
6946,2967,1640,685,5292,1654,0
10522,5562,1290,958,7810,2712,0
11640,6553,1493,2861,10907,733,1
14722,7991,4832,1104,13927,795,1
7971,5375,1212,965,7552,419,1
13298,5406,4117,1812,11335,1963,1
14612,6140,3059,1839,11038,3574,0
7628,4743,1683,1386,7812,-184,1
13531,8442,3285,1467,13194,337,1
9399,4115,2518,2194,8827,572,1
11889,5976,4152,1971,12099,-210,1
13579,7822,1753,3143,12718,861,1
13271,8307,3240,1803,13350,-79,1
9094,4675,1060,2585,8320,774,1
13653,9453,4000,1509,14962,-1309,1
13755,7609,5196,4031,16836,-3081,1
5227,2967,1702,623,5292,-65,1
10048,6849,1087,2510,10446,-398,1
12935,7340,2434,3248,13022,-87,1
13879,5899,2326,4010,12235,1644,1
11680,7282,3366,1820,12468,-788,1
9450,5698,1679,2723,10100,-650,1
9063,4428,1859,1424,7711,1352,1
9295,4935,1297,1204,7436,1859,0
10721,5939,3037,2578,11554,-833,1
8113,4893,2117,1158,8168,-55,1
11143,6523,4120,2256,12899,-1756,1
11989,5121,2638,703,8462,3527,0
11478,5837,3616,632,10085,1393,1
13764,7867,3544,3091,14502,-738,1
14890,6164,4517,4238,14919,-29,1
14616,5990,5403,4223,15616,-1000,1
6926,4595,1075,1772,7442,-516,1
5418,2736,1902,1512,6150,-732,1
9900,6023,1936,599,8558,1342,1
6420,3753,680,964,5397,1023,1
13822,7441,2144,2034,11619,2203,1
5977,3333,1638,993,5964,13,1
10773,4730,4030,1353,10113,660,1
14916,10228,1675,2010,13913,1003,1
10074,4892,1333,792,7017,3057,0
9027,5241,3098,122,8461,566,1
5088,3354,1188,10,4552,536,1
13193,6810,1541,2428,10779,2414,1
10447,6503,3355,3090,12948,-2501,1
9763,6526,2937,242,9705,58,1
12831,8539,4241,2318,15098,-2267,1
5323,2589,2010,1412,6011,-688,1
6294,3785,1384,527,5696,598,1
7463,3837,806,413,5056,2407,0
9728,5105,1289,1669,8063,1665,1
9861,5428,1125,1179,7732,2129,0
14229,9761,4110,2283,16154,-1925,1
13470,7495,3755,845,12095,1375,1
14719,9865,4033,271,14169,550,1
11561,6469,4119,1239,11827,-266,1
10709,4855,2531,1765,9151,1558,1
10077,4283,3327,2933,10543,-466,1
4813,3196,1518,279,4993,-180,1
11454,6228,2481,2533,11242,212,1
5528,2478,978,507,3963,1565,0
10016,5109,1602,755,7466,2550,0
4744,3270,499,88,3857,887,1
12265,5576,4263,1763,11602,663,1
6548,4074,1076,821,5971,577,1
6534,4226,1442,1922,7590,-1056,1
5674,3618,1019,479,5116,558,1
12010,5727,2852,1885,10464,1546,1
5646,3491,1827,1074,6392,-746,1
11098,6127,2370,1748,10245,853,1
9011,3951,1347,1094,6392,2619,0
9651,5174,3254,52,8480,1171,1
13595,6174,1410,2824,10408,3187,0
4687,2421,602,280,3303,1384,0
9438,3981,3601,1517,9099,339,1
6424,4276,1837,816,6929,-505,1
6688,3388,2169,776,6333,355,1
10320,7002,2797,2217,12016,-1696,1
11712,6722,2204,3495,12421,-709,1
8933,3688,2355,1629,7672,1261,1
12212,7221,2654,1630,11505,707,1
10636,6618,2840,2360,11818,-1182,1
8195,4243,1589,819,6651,1544,1
13246,6003,2285,2987,11275,1971,1
5966,3504,731,558,4793,1173,1
6159,3951,2194,1201,7346,-1187,1
14571,7988,2956,1547,12491,2080,1
4058,2683,540,662,3885,173,1
12074,5104,1372,2140,8616,3458,0
14515,9528,3876,789,14193,322,1
11104,7164,1122,231,8517,2587,0
12980,7365,2675,124,10164,2816,0
9243,5830,1731,1261,8822,421,1
7782,3588,2642,2247,8477,-695,1
5505,2250,2141,1488,5879,-374,1
14717,6677,4203,3658,14538,179,1
5690,3896,1833,1281,7010,-1320,1
10207,6490,2596,2225,11311,-1104,1
11935,7700,3541,54,11295,640,1
14246,9368,3067,1067,13502,744,1
9415,4211,1565,701,6477,2938,0
5705,2522,1379,627,4528,1177,0
7216,3837,2001,1725,7563,-347,1
12256,6292,2656,2450,11398,858,1
8201,4123,842,1422,6387,1814,0
14145,9488,1680,59,11227,2918,0
8768,4392,3086,2413,9891,-1123,1
10525,4743,3225,2565,10533,-8,1
5129,2652,1460,1127,5239,-110,1
4544,2625,656,714,3995,549,1
6050,3913,939,313,5165,885,1
7279,4223,2757,1267,8247,-968,1
8745,4857,2873,107,7837,908,1
6755,3706,1443,253,5402,1353,0
7011,3602,1444,128,5174,1837,0
11074,6544,2065,2065,10674,400,1
12431,7702,2764,3474,13940,-1509,1
9247,6352,3347,261,9960,-713,1
7593,4081,1389,960,6430,1163,1
8998,3698,1913,687,6298,2700,0
13628,5622,2173,2893,10688,2940,0
4982,2198,759,1418,4375,607,1
8551,5161,932,1440,7533,1018,1
5006,2732,1598,900,5230,-224,1
8450,4886,2614,1196,8696,-246,1
11151,5078,4122,2162,11362,-211,1
11177,5310,2962,71,8343,2834,0
4429,2640,712,1123,4475,-46,1
10934,6185,1601,918,8704,2230,0
13617,7086,5357,3978,16421,-2804,1
6133,4266,1093,527,5886,247,1
7613,5199,2072,1400,8671,-1058,1
8599,3467,3063,2023,8553,46,1
13633,6743,3178,1940,11861,1772,1
8971,4734,3173,1453,9360,-389,1
10515,6791,2842,1258,10891,-376,1
7831,3283,2816,509,6608,1223,1
5549,3142,920,1302,5364,185,1
7013,4767,1560,691,7018,-5,1
5021,2159,1690,444,4293,728,1
12226,5288,3222,2937,11447,779,1
6977,4152,1198,1945,7295,-318,1
14197,9729,1708,237,11674,2523,1
11429,7301,1244,101,8646,2783,0
10532,6745,4107,87,10939,-407,1
12962,6286,1847,2690,10823,2139,1
14477,9081,4982,1253,15316,-839,1
12881,8092,2424,61,10577,2304,1
5416,2343,1491,328,4162,1254,0
6452,4159,1525,1704,7388,-936,1
9456,6380,1840,1491,9711,-255,1
7054,3719,2705,1314,7738,-684,1
10464,6039,1481,1954,9474,990,1
11905,8058,3230,176,11464,441,1
7440,3854,2954,1580,8388,-948,1
7006,4509,821,1068,6398,608,1
8404,4321,2157,2158,8636,-232,1
5324,3510,1698,652,5860,-536,1
4321,2882,1520,1272,5674,-1353,1
7824,3353,1636,1890,6879,945,1
10114,4199,2292,1440,7931,2183,0
5575,2755,1658,766,5179,396,1
10485,6439,4184,2407,13030,-2545,1
9256,4564,1162,26,5752,3504,0
11421,4599,4024,3007,11630,-209,1
12216,6828,4576,3274,14678,-2462,1
9796,4981,2966,528,8475,1321,1
6228,3600,1392,197,5189,1039,1
8369,3392,2140,267,5799,2570,0
4480,2122,1738,60,3920,560,1
14239,8369,4224,988,13581,658,1
8155,5348,2309,1354,9011,-856,1
12506,8396,4918,31,13345,-839,1
4738,2053,1402,206,3661,1077,0
6810,2856,1104,940,4900,1910,0
7199,4257,1516,422,6195,1004,1
5622,2780,1146,536,4462,1160,0
4210,2098,1613,920,4631,-421,1
11689,5758,4359,2143,12260,-571,1
10106,4992,2268,38,7298,2808,0
13499,6383,2758,1763,10904,2595,1
9651,5415,2817,2623,10855,-1204,1
9494,4707,3256,394,8357,1137,1
9525,4450,3760,217,8427,1098,1
7722,4409,1424,45,5878,1844,0
14873,8001,4290,4227,16518,-1645,1
7788,4848,2198,963,8009,-221,1
9305,6099,2710,459,9268,37,1
8877,5552,3498,2339,11389,-2512,1
8872,4962,1946,1457,8365,507,1
13477,6822,5250,602,12674,803,1
14568,9362,3304,3179,15845,-1277,1
12248,5598,2254,2726,10578,1670,1
4866,1994,1414,898,4306,560,1
11049,7182,3606,1776,12564,-1515,1
5498,2476,1643,929,5048,450,1
8581,3797,894,190,4881,3700,0
11335,4738,3190,811,8739,2596,0
9378,5946,2421,1911,10278,-900,1
9367,4302,1542,2552,8396,971,1
14681,7172,4712,3698,15582,-901,1
4261,2392,845,868,4105,156,1
13442,6925,1942,3552,12419,1023,1
6218,4084,1204,183,5471,747,1
8315,4995,2218,630,7843,472,1
6561,2826,1285,963,5074,1487,0
14515,7174,4572,4206,15952,-1437,1
11897,6354,2450,1377,10181,1716,1
14449,6939,2211,1062,10212,4237,0
12475,7810,3891,3742,15443,-2968,1
13267,9097,1509,3580,14186,-919,1
6830,4186,840,1494,6520,310,1
8949,4568,1302,263,6133,2816,0
9445,5861,2978,708,9547,-102,1
9676,5044,3062,1030,9136,540,1
13527,8047,1393,3691,13131,396,1
7632,4202,2224,2229,8655,-1023,1
4644,2726,802,859,4387,257,1
9314,6304,3596,2355,12255,-2941,1
9424,5677,1923,1698,9298,126,1
13047,6211,3111,3789,13111,-64,1
9801,4030,3709,2713,10452,-651,1
9705,5562,2426,1251,9239,466,1
4903,2678,1556,1206,5440,-537,1
14076,5692,2911,671,9274,4802,0
11801,7882,4120,604,12606,-805,1
9567,4962,3110,1719,9791,-224,1
7586,3276,1606,893,5775,1811,0
4629,1891,1366,818,4075,554,1
11843,6785,2972,2487,12244,-401,1
8826,3559,1608,580,5747,3079,0
7150,3615,2595,1292,7502,-352,1
10330,7016,3331,3017,13364,-3034,1
8023,3486,1256,1522,6264,1759,0
10194,6855,1673,2232,10760,-566,1
9225,4278,1835,2729,8842,383,1
8585,4095,983,333,5411,3174,0
12214,7554,1281,511,9346,2868,0
11004,5642,3568,3251,12461,-1457,1
14442,9830,3782,2210,15822,-1380,1
8233,4413,1039,1370,6822,1411,1
7551,4910,1896,2135,8941,-1390,1
13665,9349,4146,429,13924,-259,1
14029,9420,4730,977,15127,-1098,1
11537,7209,1468,3265,11942,-405,1
13199,5675,3286,2273,11234,1965,1
9018,3898,2132,2703,8733,285,1
10378,4750,2695,3025,10470,-92,1
13959,7252,2270,546,10068,3891,0
10613,4458,4028,305,8791,1822,1
4456,2733,644,368,3745,711,1
9156,5896,3571,1936,11403,-2247,1
11625,5304,3303,869,9476,2149,1
6559,3624,1305,1475,6404,155,1
4399,2483,783,1041,4307,92,1
8345,4971,2266,1315,8552,-207,1
5385,2841,2089,1100,6030,-645,1
9343,3874,1439,1507,6820,2523,0
12278,4940,2197,1419,8556,3722,0
4616,2210,996,995,4201,415,1
14843,7576,3463,4277,15316,-473,1
9071,3918,1789,2502,8209,862,1
7524,5158,1973,124,7255,269,1
9148,5584,2990,2494,11068,-1920,1
4945,2300,1473,253,4026,919,1
10088,5743,3716,2072,11531,-1443,1
6890,4693,1085,1055,6833,57,1
14016,8819,2266,3174,14259,-243,1
10429,4855,2003,2875,9733,696,1
9714,6364,2715,2223,11302,-1588,1
11909,5856,3221,2575,11652,257,1
13667,8921,5211,576,14708,-1041,1
14825,9679,4705,672,15056,-231,1
8034,4096,2441,1319,7856,178,1
6092,3189,2212,1668,7069,-977,1
12886,6428,2847,521,9796,3090,0
11185,7210,2333,1877,11420,-235,1
4555,2990,799,222,4011,544,1
6461,3583,2363,1473,7419,-958,1
5529,2300,1768,185,4253,1276,0
8091,4197,1300,752,6249,1842,0
5494,2221,1756,754,4731,763,1
12666,6101,4924,3103,14128,-1462,1
10814,7261,2607,391,10259,555,1
5378,2400,1001,112,3513,1865,0
10665,4798,2758,1819,9375,1290,1
5530,3372,968,412,4752,778,1
13928,8756,2940,1239,12935,993,1
4845,3387,783,573,4743,102,1
9438,3929,2539,1365,7833,1605,1
5763,2497,1179,951,4627,1136,1
13535,6846,1772,2964,11582,1953,1
6659,3701,1597,1813,7111,-452,1
11427,5007,1704,419,7130,4297,0
11771,6876,4643,574,12093,-322,1
7015,4863,2598,1565,9026,-2011,1
13390,9283,2362,3530,15175,-1785,1
11002,5765,3254,2261,11280,-278,1
9206,6358,1456,2667,10481,-1275,1
6995,4534,1973,1195,7702,-707,1
11413,4597,1509,1811,7917,3496,0
7029,4682,2591,879,8152,-1123,1
12288,8453,2927,1479,12859,-571,1
9129,4006,2710,2614,9330,-201,1
9271,4513,1569,142,6224,3047,0
13781,8990,3146,182,12318,1463,1
13554,7479,4397,1475,13351,203,1
12082,7431,1340,99,8870,3212,0
12406,5884,1783,197,7864,4542,0
9450,4076,2706,2591,9373,77,1
5091,2616,876,1075,4567,524,1
11691,5010,3646,637,9293,2398,0
14953,6801,3215,4329,14345,608,1
10941,4531,2513,1422,8466,2475,0
5850,3335,1949,178,5462,388,1
9740,6379,1212,467,8058,1682,1
7018,3180,918,1890,5988,1030,1
7257,3256,2410,922,6588,669,1
10688,6903,2760,1366,11029,-341,1
8255,5498,2001,1856,9355,-1100,1
10397,5226,3090,1496,9812,585,1
9107,6333,1481,759,8573,534,1
14927,7154,5269,3709,16132,-1205,1
12294,6565,3080,893,10538,1756,1
5071,2585,1829,128,4542,529,1
9717,4705,1296,1414,7415,2302,0
5894,3407,2192,1132,6731,-837,1
13474,6117,1622,3931,11670,1804,1
4795,2259,1455,1174,4888,-93,1
13236,8746,3264,2364,14374,-1138,1
5517,3531,1870,1066,6467,-950,1
8101,3604,1598,1934,7136,965,1
8261,4803,2618,732,8153,108,1
8321,4513,966,2197,7676,645,1
8833,5749,2048,517,8314,519,1
4660,3103,1279,537,4919,-259,1
11602,6886,1610,349,8845,2757,0
11129,4676,4437,499,9612,1517,1
14033,9682,4074,909,14665,-632,1
10087,5998,3642,851,10491,-404,1
9631,4585,3734,2606,10925,-1294,1
6287,2883,1676,1056,5615,672,1
13772,8134,4115,3411,15660,-1888,1
6648,3206,1254,1728,6188,460,1
11565,6314,3015,667,9996,1569,1
10483,6697,2927,2697,12321,-1838,1
10160,5038,2417,37,7492,2668,0
10076,6561,1023,1970,9554,522,1
11568,5691,1828,3190,10709,859,1
11964,8232,2874,2397,13503,-1539,1
4225,2084,1428,1091,4603,-378,1
5824,3787,1494,1677,6958,-1134,1
10598,4791,2958,10,7759,2839,0
14832,9586,3756,1845,15187,-355,1
4408,2609,1682,891,5182,-774,1
14858,7418,3012,1940,12370,2488,1
11935,8146,3224,1934,13304,-1369,1
5181,2240,1791,31,4062,1119,0
14521,7812,5172,1350,14334,187,1
5619,3436,1689,1093,6218,-599,1
12242,5965,4518,2483,12966,-724,1
11049,4724,1578,2312,8614,2435,0
11453,6543,1205,1341,9089,2364,0
10627,7047,2403,1101,10551,76,1
6743,3182,1657,1099,5938,805,1
8540,4579,1583,1348,7510,1030,1
4516,2820,558,1126,4504,12,1
12220,5318,4866,2708,12892,-672,1
11701,7283,4026,590,11899,-198,1
13891,6544,4471,812,11827,2064,1
5175,3255,1915,1095,6265,-1090,1
9214,5377,1070,2753,9200,14,1
6250,4295,1225,434,5954,296,1
9518,5673,1381,1541,8595,923,1
14050,9073,4270,406,13749,301,1
7623,3593,1212,1182,5987,1636,0
6862,4184,1798,1646,7628,-766,1
5688,3069,1958,1221,6248,-560,1
12515,7242,2862,2790,12894,-379,1
6453,2992,911,1793,5696,757,1
8814,4821,1274,900,6995,1819,0
14610,6289,3243,2067,11599,3011,0
10741,7207,2645,423,10275,466,1
7508,3514,2034,1354,6902,606,1
8650,5099,1514,1457,8070,580,1
14507,8837,5531,3426,17794,-3287,1
10093,4527,2810,1511,8848,1245,1
6586,4378,2202,994,7574,-988,1
6785,3323,1257,841,5421,1364,0
5813,3827,1164,1177,6168,-355,1
11673,4967,3832,406,9205,2468,0
14270,9291,5528,3694,18513,-4243,1
7180,3104,1138,2047,6289,891,1
13782,9093,2959,3663,15715,-1933,1
7105,4189,986,284,5459,1646,0
9299,6039,3398,2404,11841,-2542,1
10335,4279,1715,2369,8363,1972,1
13683,8291,2943,1983,13217,466,1
7372,5157,2018,1552,8727,-1355,1
6743,3071,827,148,4046,2697,0
5016,2181,1085,112,3378,1638,0
8471,5431,3193,1276,9900,-1429,1
6715,4610,1219,1019,6848,-133,1
10339,4560,2748,807,8115,2224,0
7482,5149,2504,55,7708,-226,1
8461,4556,1297,2137,7990,471,1
9583,6336,3812,1735,11883,-2300,1
9980,5264,2338,2868,10470,-490,1
11492,7848,2788,2164,12800,-1308,1
7909,3695,902,2372,6969,940,1
9517,6456,2585,2247,11288,-1771,1
11349,6558,1944,2380,10882,467,1
4076,1786,652,788,3226,850,0
13477,9180,3714,1144,14038,-561,1
10022,6502,3908,1171,11581,-1559,1
14345,6052,3652,2664,12368,1977,1
12743,6177,3100,2191,11468,1275,1
4874,2762,1363,1396,5521,-647,1
10609,5261,3901,1611,10773,-164,1
6905,3360,1427,1523,6310,595,1
7087,3596,1902,1597,7095,-8,1
8678,5949,3274,1625,10848,-2170,1
6384,4137,811,1604,6552,-168,1
14490,9200,5546,1099,15845,-1355,1
4654,2792,1237,574,4603,51,1
4709,2605,1648,375,4628,81,1
6183,4003,1390,1326,6719,-536,1
6583,3625,2097,1706,7428,-845,1
7822,3340,2266,2027,7633,189,1
11764,5971,3027,1593,10591,1173,1
13628,5692,2403,189,8284,5344,0
6581,3448,1415,1517,6380,201,1
7837,4183,1823,1689,7695,142,1
12224,5003,4795,1479,11277,947,1
11995,7605,4202,2524,14331,-2336,1
8593,4677,1783,801,7261,1332,1
11962,7008,1667,396,9071,2891,0
13050,6820,4819,2215,13854,-804,1
14805,9172,3723,4340,17235,-2430,1
4526,2837,1724,906,5467,-941,1
10646,4792,3502,70,8364,2282,0
11568,7989,3291,2633,13913,-2345,1
9539,5815,2365,2028,10208,-669,1
11514,5253,2275,1061,8589,2925,0
6630,4548,2291,1472,8311,-1681,1
13958,6582,4915,196,11693,2265,1
5542,3170,1897,371,5438,104,1
10368,6895,3801,2337,13033,-2665,1
8638,4707,3422,301,8430,208,1
12030,7545,3901,1629,13075,-1045,1
10715,4687,1082,150,5919,4796,0
9384,5632,2934,85,8651,733,1
14307,5749,1989,2579,10317,3990,0
8853,5031,984,1669,7684,1169,1
10543,5066,1498,386,6950,3593,0
8919,5003,1734,1952,8689,230,1
11465,6408,1993,2447,10848,617,1
10123,4634,1909,2585,9128,995,1
8284,4246,3016,2252,9514,-1230,1
6508,3956,1111,1578,6645,-137,1
11602,5525,3948,3375,12848,-1246,1
10442,5106,1699,1858,8663,1779,1
4041,2568,1528,845,4941,-900,1
4812,2860,1650,1386,5896,-1084,1
5804,3538,2108,401,6047,-243,1
10161,4949,1820,468,7237,2924,0
12783,7611,2528,1379,11518,1265,1
5331,3593,1013,1462,6068,-737,1
14973,7224,2376,3584,13184,1789,1
10320,6479,2976,457,9912,408,1
6142,3209,2315,1639,7163,-1021,1
14142,5706,4822,3886,14414,-272,1
9035,5250,3531,958,9739,-704,1
7504,4922,1007,294,6223,1281,1
13166,6412,4788,2103,13303,-137,1
6872,3854,1961,520,6335,537,1
12525,8371,3278,1998,13647,-1122,1
13813,7560,5359,361,13280,533,1
10949,5680,2903,497,9080,1869,1
7890,4398,2672,925,7995,-105,1
7882,3523,1461,1634,6618,1264,1
6104,2481,1255,124,3860,2244,0
8744,4718,2380,1102,8200,544,1
8725,5922,1424,549,7895,830,1
5076,2553,1488,298,4339,737,1
4757,2425,1027,483,3935,822,1
10059,6759,3454,2030,12243,-2184,1
14110,9450,2821,4027,16298,-2188,1
14599,8627,4895,3872,17394,-2795,1
13732,9420,4794,3453,17667,-3935,1
10495,4218,2491,1211,7920,2575,0
6755,3229,1333,213,4775,1980,0
8471,3973,2058,1293,7324,1147,1
4897,2869,1294,1254,5417,-520,1
6510,3372,1687,379,5438,1072,1
14185,8263,2054,1021,11338,2847,0
12809,8160,3848,2736,14744,-1935,1
5924,4004,1190,225,5419,505,1
7467,4719,2232,401,7352,115,1
5064,2823,862,1120,4805,259,1
10994,5772,2526,1072,9370,1624,1
10837,6004,4008,2278,12290,-1453,1
13659,9210,4370,505,14085,-426,1
5827,3258,2137,57,5452,375,1
11059,5615,3291,106,9012,2047,1
4335,2374,705,1004,4083,252,1
13397,7820,4868,3132,15820,-2423,1
6811,4167,1423,1256,6846,-35,1
13991,5654,4804,2374,12832,1159,1
12047,5401,1696,2968,10065,1982,1
10229,4311,3938,1063,9312,917,1
10779,5891,3244,3222,12357,-1578,1
8489,5931,2343,2282,10556,-2067,1
7435,4244,2829,613,7686,-251,1
7256,4347,2376,73,6796,460,1
7885,5489,1312,1347,8148,-263,1
13086,8975,4944,2263,16182,-3096,1
6881,4082,993,1567,6642,239,1
9390,5901,1483,1021,8405,985,1
9553,6185,2243,1324,9752,-199,1
14087,9507,1730,3904,15141,-1054,1
14066,8563,3548,2178,14289,-223,1
13390,7381,3249,2991,13621,-231,1
12899,6852,2484,1915,11251,1648,1
12277,5286,4350,2095,11731,546,1
13019,8495,1891,2522,12908,111,1
4152,2088,470,728,3286,866,0
10841,7331,1576,2998,11905,-1064,1
8662,5356,2039,1736,9131,-469,1
11411,5935,3244,667,9846,1565,1
6481,3919,1189,321,5429,1052,1
10912,6055,4279,3076,13410,-2498,1
12609,7635,4879,2232,14746,-2137,1
4312,2849,695,1029,4573,-261,1
12937,8317,4407,1971,14695,-1758,1
6776,3289,2449,301,6039,737,1
5074,3136,1878,1059,6073,-999,1
10700,5806,3377,2217,11400,-700,1
6185,4033,944,458,5435,750,1
8428,5633,2953,516,9102,-674,1
7852,3890,2849,761,7500,352,1
14296,8984,4829,1572,15385,-1089,1
9599,5407,1483,804,7694,1905,1
9084,5472,3606,758,9836,-752,1
8434,4996,1025,389,6410,2024,0
4937,3165,1859,1012,6036,-1099,1
11712,5727,1577,2558,9862,1850,1
5463,2434,1764,694,4892,571,1
5345,2799,1124,1403,5326,19,1
11308,5198,2388,490,8076,3232,0
6603,3788,1088,984,5860,743,1
7316,4175,1788,255,6218,1098,1
13009,7126,3664,3512,14302,-1293,1
13747,8960,1799,912,11671,2076,1
10461,4694,1296,1807,7797,2664,0
6761,4219,2439,1368,8026,-1265,1
8692,5087,2186,1085,8358,334,1
9777,5914,2586,482,8982,795,1
12545,6614,4552,2058,13224,-679,1
13646,8363,3208,3499,15070,-1424,1
14861,10312,5417,2376,18105,-3244,1
9842,5845,2290,1626,9761,81,1
11227,6583,4206,3121,13910,-2683,1
12301,7128,1630,3462,12220,81,1
9403,4443,1098,284,5825,3578,0
6169,3890,2005,1502,7397,-1228,1
10739,6968,3771,680,11419,-680,1
7748,4551,1276,728,6555,1193,1
10038,4532,1782,959,7273,2765,0
11933,6485,2891,1401,10777,1156,1
4259,2243,475,84,2802,1457,0
8448,3494,1349,918,5761,2687,0
7469,3870,1167,297,5334,2135,0
12317,6293,3540,1189,11022,1295,1
7960,5051,2926,1070,9047,-1087,1
5880,3683,678,1708,6069,-189,1
11061,5936,3454,214,9604,1457,1
5759,2721,653,411,3785,1974,0
14807,7405,3802,4013,15220,-413,1
14117,8001,1956,3917,13874,243,1
5533,2807,2118,1563,6488,-955,1
14730,9889,5867,1116,16872,-2142,1
4550,1903,1696,474,4073,477,1
13738,7329,4804,4073,16206,-2468,1
5163,2712,724,782,4218,945,1
4500,2743,1517,965,5225,-725,1
13434,8236,2928,3349,14513,-1079,1
7968,4187,2270,1918,8375,-407,1
7316,3402,1452,1605,6459,857,1
4748,3115,570,993,4678,70,1
6108,4028,1918,1053,6999,-891,1
5991,2485,2385,141,5011,980,1
5405,3369,2087,442,5898,-493,1
13443,6783,4045,731,11559,1884,1
7537,3368,1530,516,5414,2123,0
5500,2843,984,1567,5394,106,1
8648,5999,2216,637,8852,-204,1
8774,5928,1735,154,7817,957,1
5063,2781,1241,1340,5362,-299,1
10687,6203,2889,2209,11301,-614,1
8140,4485,2136,1374,7995,145,1
7982,5460,3019,518,8997,-1015,1
9227,4110,1668,107,5885,3342,0
7592,3687,2600,796,7083,509,1
4069,2305,1118,808,4231,-162,1
14097,9482,5077,3985,18544,-4447,1
11196,6934,4145,2838,13917,-2721,1
13882,7901,5075,4040,17016,-3134,1
8392,5774,1818,117,7709,683,1
10503,6845,2228,1181,10254,249,1
7965,3513,1630,1610,6753,1212,1
6629,3383,2184,310,5877,752,1
13949,6398,4020,2791,13209,740,1
4428,2178,1609,293,4080,348,1
8717,5132,2591,1780,9503,-786,1
11191,4836,2191,2044,9071,2120,1
6507,3316,1313,976,5605,902,1
5612,3641,960,1122,5723,-111,1
11072,6485,2228,2796,11509,-437,1
12404,8672,3958,2329,14959,-2555,1
11198,4687,3045,443,8175,3023,0
11929,7713,1822,2342,11877,52,1
12674,6245,2051,1332,9628,3046,0
6047,2647,2327,1085,6059,-12,1
7359,3419,2049,228,5696,1663,0
8356,5469,2712,2243,10424,-2068,1
13350,6119,5123,2938,14180,-830,1
8935,5536,1843,1619,8998,-63,1
11573,7673,4015,2112,13800,-2227,1
7344,3378,1555,850,5783,1561,0
6246,3291,906,961,5158,1088,1
9627,5528,1893,562,7983,1644,1
4425,2724,1168,69,3961,464,1
13366,8622,2926,1512,13060,306,1
4936,3294,839,1202,5335,-399,1
11891,6332,1528,2129,9989,1902,1
4232,2660,814,176,3650,582,1
14970,9109,2307,2229,13645,1325,1
5320,3191,1147,614,4952,368,1
8529,5021,2672,2541,10234,-1705,1
6076,2613,1292,1242,5147,929,1
8610,3667,2770,205,6642,1968,0
8531,4095,3142,2121,9358,-827,1
6999,4495,1480,974,6949,50,1
8856,5477,1051,241,6769,2087,0
9465,6309,1253,1757,9319,146,1
5181,2262,1798,1355,5415,-234,1
9425,6463,1900,2583,10946,-1521,1
12986,8620,2556,2398,13574,-588,1
13402,8690,1750,253,10693,2709,0
4447,2022,498,854,3374,1073,0
13372,9113,2010,585,11708,1664,1
13011,8440,1966,3558,13964,-953,1
5211,2680,1757,174,4611,600,1
9803,4591,1146,919,6656,3147,0
9951,6010,2186,342,8538,1413,1
12628,5672,4084,1154,10910,1718,1
8747,6031,2692,1212,9935,-1188,1
14990,6882,4542,3523,14947,43,1
5010,3341,1885,447,5673,-663,1
11445,6239,2533,817,9589,1856,1
9331,5549,2120,1706,9375,-44,1
9031,3658,2386,1119,7163,1868,0
13702,9351,3964,31,13346,356,1
9346,4209,1326,2192,7727,1619,1
9381,3831,1285,1573,6689,2692,0
7948,4822,2358,788,7968,-20,1
12776,6813,4897,334,12044,732,1
6183,3129,2114,1214,6457,-274,1
8437,5724,1034,2272,9030,-593,1
11898,7412,2519,689,10620,1278,1
6061,2493,1758,855,5106,955,1
6313,2675,862,200,3737,2576,0
14793,9513,5844,3766,19123,-4330,1
10575,4925,1876,1593,8394,2181,0
11184,7593,3738,3345,14676,-3492,1
5552,2280,1948,1625,5853,-301,1
11514,5876,2172,1587,9635,1879,1
4757,2058,853,224,3135,1622,0
7412,3327,2704,517,6548,864,1
6389,3476,995,8,4479,1910,0
12614,8374,2157,2475,13006,-392,1
10093,4434,2311,1312,8057,2036,0
11076,5067,3810,1066,9943,1133,1
11700,5647,2006,1541,9194,2506,0
14803,7305,1980,2262,11547,3256,0
14819,7161,5915,3624,16700,-1881,1
7250,4284,1992,55,6331,919,1
9862,5166,1920,1133,8219,1643,1
9848,5420,1651,1624,8695,1153,1
10830,6235,3707,2666,12608,-1778,1
12138,6791,2028,1829,10648,1490,1
9835,6708,2346,1557,10611,-776,1
8978,5742,1764,1621,9127,-149,1
10437,5082,3823,2668,11573,-1136,1
14107,5995,1883,1845,9723,4384,0
5768,3314,1922,315,5551,217,1
6517,4337,2298,329,6964,-447,1
7748,3621,2310,1808,7739,9,1
9342,6130,2736,877,9743,-401,1
10550,5835,2546,1467,9848,702,1
11468,5261,4279,1442,10982,486,1
14724,6127,2827,4074,13028,1696,1
13415,5922,5081,602,11605,1810,1
8274,5159,1497,2203,8859,-585,1
11703,5901,4246,178,10325,1378,1
10396,7089,1781,1821,10691,-295,1
8491,5284,2437,328,8049,442,1
6334,4070,2418,900,7388,-1054,1
10498,4264,2182,830,7276,3222,0
13731,6330,4012,1088,11430,2301,1
12705,7617,3312,1864,12793,-88,1
12926,5539,1916,1730,9185,3741,0
10593,6710,4162,2945,13817,-3224,1
14419,6760,4387,3191,14338,81,1
10770,5558,2533,1249,9340,1430,1
14876,6671,3308,4319,14298,578,1
6553,4319,706,1177,6202,351,1
14234,7346,5446,1040,13832,402,1
8262,5596,2347,1970,9913,-1651,1
8265,4948,1894,1032,7874,391,1
13232,6539,4930,3384,14853,-1621,1
6020,3493,1542,746,5781,239,1
5331,3378,1236,171,4785,546,1
9654,5250,3008,131,8389,1265,1
6058,3159,2024,757,5940,118,1
7928,5172,1945,661,7778,150,1
7291,3572,2245,275,6092,1199,1
11598,6029,2485,336,8850,2748,0
5012,3121,1279,535,4935,77,1
6914,4661,1805,1722,8188,-1274,1
8564,4090,2423,2201,8714,-150,1
10684,6144,2453,1740,10337,347,1
7159,4369,1855,1022,7246,-87,1
5546,2517,1903,1486,5906,-360,1
5542,3769,1878,924,6571,-1029,1
8607,3666,1565,1744,6975,1632,1
10896,5479,2647,2072,10198,698,1
4077,2306,964,664,3934,143,1
6245,3934,1339,408,5681,564,1
12769,7777,4744,3063,15584,-2815,1
5626,2264,1520,661,4445,1181,0
11748,6972,2321,799,10092,1656,1
12537,5335,1322,3121,9778,2759,0
12617,5188,3587,3714,12489,128,1
13656,5931,4009,2817,12757,899,1
5085,3439,1882,1129,6450,-1365,1
9606,3909,1947,1276,7132,2474,0
12952,8220,1795,844,10859,2093,1
14311,8164,2072,2429,12665,1646,1
14364,6158,3255,2181,11594,2770,1
10301,4661,2539,417,7617,2684,0
7307,3598,1744,1974,7316,-9,1
13972,6085,3943,574,10602,3370,0
12920,7577,1993,1757,11327,1593,1
4579,2534,922,1239,4695,-116,1
7100,3798,2599,104,6501,599,1
5038,3032,910,1488,5430,-392,1
4044,2436,1087,70,3593,451,1
10608,6082,1883,1469,9434,1174,1
9641,5555,1315,1527,8397,1244,1
5901,3485,1053,532,5070,831,1
11243,5289,3245,2465,10999,244,1
13014,7716,1624,3794,13134,-120,1
5519,3178,1087,75,4340,1179,0
5821,2790,1521,479,4790,1031,1
6187,3648,728,356,4732,1455,0
9201,5109,3653,365,9127,74,1
9555,3841,1077,2427,7345,2210,0
13772,6380,4623,3469,14472,-700,1
5353,3553,1107,248,4908,445,1
5079,2533,766,491,3790,1289,0
13367,8876,4021,1644,14541,-1174,1
13832,7541,2548,362,10451,3381,0
10451,5314,3601,705,9620,831,1
10223,4863,2645,2601,10109,114,1
13937,7588,2276,1225,11089,2848,0
7712,5033,2775,1420,9228,-1516,1
8666,5177,3026,1651,9854,-1188,1
6938,3101,2738,1174,7013,-75,1
14861,9513,4438,1383,15334,-473,1
7729,3332,2350,2114,7796,-67,1
10946,5313,2145,2619,10077,869,1
11149,6020,4388,3191,13599,-2450,1
5014,2205,1947,352,4504,510,1
10975,5581,1425,3225,10231,744,1
11127,6654,4113,1170,11937,-810,1
5233,2764,1542,820,5126,107,1
6869,3300,1928,607,5835,1034,1
13616,5793,5049,800,11642,1974,1
12373,5736,4791,576,11103,1270,1
9263,5913,1840,339,8092,1171,1
7154,4927,1148,1996,8071,-917,1
10275,4784,2676,1528,8988,1287,1
14259,5901,3793,185,9879,4380,0
9157,5922,2218,2489,10629,-1472,1
9013,4664,967,2223,7854,1159,1
8254,3612,2054,263,5929,2325,0
8716,4477,2687,2602,9766,-1050,1
6182,4040,720,1312,6072,110,1
4045,2212,410,66,2688,1357,0
11348,5218,4220,403,9841,1507,1
6642,3571,886,1655,6112,530,1
12547,7055,2470,1869,11394,1153,1
11921,7212,2150,144,9506,2415,0
13290,6284,3831,553,10668,2622,1
14896,9875,4621,2471,16967,-2071,1
7779,4340,1715,202,6257,1522,1
9665,6670,3424,282,10376,-711,1
9728,5532,1085,1601,8218,1510,1
6298,3191,2321,1487,6999,-701,1
11901,6868,4467,807,12142,-241,1
4684,2349,1542,1254,5145,-461,1
14822,10228,2792,4446,17466,-2644,1
13153,7898,4376,190,12464,689,1
9172,4232,1856,533,6621,2551,0
6727,3164,2265,681,6110,617,1
4762,2262,1369,677,4308,454,1
8166,4086,2047,231,6364,1802,0
6137,3369,1659,1008,6036,101,1
12209,8363,2106,2562,13031,-822,1
9973,4016,2959,1566,8541,1432,1
7079,3991,1605,1490,7086,-7,1
14053,7998,1662,1664,11324,2729,1
13873,5722,1830,2273,9825,4048,0
9942,4713,1144,1162,7019,2923,0
13573,6875,5210,1982,14067,-494,1
13254,6923,3820,1843,12586,668,1
12801,5224,1304,3588,10116,2685,0
4641,2383,1551,1086,5020,-379,1
8049,3376,2255,2115,7746,303,1
5049,2088,555,1046,3689,1360,0
4981,2162,1605,690,4457,524,1
6794,2832,1073,1198,5103,1691,0
6745,3667,2441,925,7033,-288,1
7354,4890,1700,522,7112,242,1
8712,4139,1062,1701,6902,1810,0
7596,3446,2070,724,6240,1356,1
10208,5943,2563,2701,11207,-999,1
10212,6201,2185,2639,11025,-813,1
9804,4447,1617,1744,7808,1996,0
6297,2943,1238,841,5022,1275,0
13926,9354,2301,232,11887,2039,1
6608,3012,1489,380,4881,1727,0
11771,5366,3600,3241,12207,-436,1
6570,3054,1029,1898,5981,589,1
7827,5271,1742,1902,8915,-1088,1
10670,5848,1579,2954,10381,289,1
14442,9923,3142,3507,16572,-2130,1
10184,5107,1037,2500,8644,1540,1
7165,3978,2837,566,7381,-216,1
4997,2239,1606,23,3868,1129,0
6083,2673,1671,472,4816,1267,0
13009,6562,1896,351,8809,4200,0
12594,6188,2338,1129,9655,2939,0
11957,7468,2045,239,9752,2205,1
11159,6547,3835,2182,12564,-1405,1
14902,8647,5532,2987,17166,-2264,1
14862,7963,4331,3415,15709,-847,1
6437,4322,684,400,5406,1031,1
10096,5129,2217,417,7763,2333,0
7945,4299,2896,1003,8198,-253,1
9683,5948,1309,1293,8550,1133,1
9041,5155,1718,1946,8819,222,1
12480,6805,3433,858,11096,1384,1
6535,3846,770,932,5548,987,1
7838,3507,2622,2134,8263,-425,1
9917,4443,2000,1703,8146,1771,1
6228,3698,1118,25,4841,1387,0
9249,4726,2653,668,8047,1202,1
7111,4109,2818,732,7659,-548,1
11703,5211,2545,734,8490,3213,0
6737,4707,2179,1435,8321,-1584,1
4101,2761,1162,47,3970,131,1
11344,7241,4420,2008,13669,-2325,1
10053,5171,3532,2365,11068,-1015,1
8013,4466,1028,593,6087,1926,0
11170,5340,2063,3001,10404,766,1
11527,6207,4402,2772,13381,-1854,1
6882,4430,1684,217,6331,551,1
8278,4815,1210,840,6865,1413,1
8985,4883,2258,825,7966,1019,1
11156,7792,4188,2937,14917,-3761,1
10940,7084,3941,1091,12116,-1176,1
6237,2986,2440,23,5449,788,1
8473,5346,1594,277,7217,1256,1
12191,5202,1496,3040,9738,2453,0
12391,5065,4432,3670,13167,-776,1
13132,5341,1664,421,7426,5706,0
12279,5578,2420,104,8102,4177,0
6051,3407,2060,1643,7110,-1059,1
6336,3371,1178,1181,5730,606,1
8830,4302,2966,2280,9548,-718,1
6165,2827,1399,437,4663,1502,0
10112,5874,3520,1152,10546,-434,1
6136,2983,1431,1032,5446,690,1
8923,4865,1844,1166,7875,1048,1
6442,3051,1063,20,4134,2308,0
8766,4586,1678,661,6925,1841,0
6293,2922,1316,956,5194,1099,1
7349,4576,2514,1528,8618,-1269,1
12715,5097,1739,2121,8957,3758,0
6467,4122,925,1064,6111,356,1
6931,3024,935,1596,5555,1376,1
13579,5818,5314,3664,14796,-1217,1
7420,3229,1995,1660,6884,536,1
11378,6409,1952,2980,11341,37,1
7336,4665,2122,334,7121,215,1
10930,5759,2340,1702,9801,1129,1
4952,3189,1382,681,5252,-300,1
5190,3275,710,673,4658,532,1
8500,5360,2489,117,7966,534,1
13449,7472,1865,861,10198,3251,0
7405,3988,1287,1314,6589,816,1
8982,4661,2386,1191,8238,744,1
11201,5093,1125,578,6796,4405,0
10175,6527,2568,1273,10368,-193,1
12170,8425,3706,1585,13716,-1546,1
7544,4871,1984,1921,8776,-1232,1
7772,4202,1285,1044,6531,1241,1
13103,7408,4637,93,12138,965,1
6055,2990,1638,212,4840,1215,0
9082,5163,1360,1285,7808,1274,1
12267,6679,1457,2503,10639,1628,1
8905,5927,1499,1604,9030,-125,1
4001,1766,1069,942,3777,224,1
14616,8388,1583,851,10822,3794,0
14674,8299,3325,2870,14494,180,1
8165,3439,2456,778,6673,1492,1
5775,3167,2111,703,5981,-206,1
14308,9288,1897,3431,14616,-308,1
11767,7884,3324,3133,14341,-2574,1
8934,4430,1339,20,5789,3145,0
8083,4306,2691,99,7096,987,1
4601,2571,1657,1241,5469,-868,1
14869,8838,4124,2339,15301,-432,1
5400,2167,1769,969,4905,495,1
11852,6853,3480,541,10874,978,1
11506,6202,1896,3424,11522,-16,1
11816,7004,2572,231,9807,2009,1
7929,3746,2676,483,6905,1024,1
14317,8571,2232,3443,14246,71,1
9501,4428,2839,1442,8709,792,1
13363,7233,2640,3968,13841,-478,1
10560,5129,1171,1498,7798,2762,0
13702,6994,2610,962,10566,3136,0
7548,4620,2308,1384,8312,-764,1
14405,6235,2541,3115,11891,2514,1
5595,3733,1747,112,5592,3,1
10583,6826,1291,1039,9156,1427,1
4823,3148,714,1241,5103,-280,1
7849,3823,2878,383,7084,765,1
6100,2966,2039,1070,6075,25,1
10306,4292,2745,250,7287,3019,0
9464,5623,1531,377,7531,1933,0
13537,8411,3122,1356,12889,648,1
4447,2095,635,1158,3888,559,1
14950,9208,3436,3306,15950,-1000,1
13921,6573,4633,2397,13603,318,1
8443,3705,1176,1528,6409,2034,0
13102,5374,2181,3268,10823,2279,1
9462,5910,2858,2504,11272,-1810,1
12149,7406,1682,3145,12233,-84,1
13074,5673,1805,1100,8578,4496,0
13517,6338,2907,3651,12896,621,1
12080,5816,4294,611,10721,1359,1
9790,3981,986,2432,7399,2391,0
4900,2257,1890,1147,5294,-394,1
6546,4128,2426,36,6590,-44,1
8851,5787,3169,1116,10072,-1221,1
9893,4119,2994,222,7335,2558,0
7904,4784,1794,1989,8567,-663,1
4345,2580,1685,324,4589,-244,1
7199,3065,2724,1492,7281,-82,1
8601,5244,2750,2145,10139,-1538,1
13309,6545,4709,3610,14864,-1555,1
5870,3009,869,1153,5031,839,1
8625,5904,2072,510,8486,139,1
5076,2896,1335,371,4602,474,1
10116,4760,1541,1554,7855,2261,0
7783,5216,2877,1172,9265,-1482,1
13268,6813,4465,1626,12904,364,1
11531,8038,1935,1183,11156,375,1
6390,4235,2255,1222,7712,-1322,1
6485,3068,2299,165,5532,953,1
4449,2064,1747,269,4080,369,1
6941,4265,1005,643,5913,1028,1
6985,2795,1475,187,4457,2528,0
11595,5235,2272,327,7834,3761,0
7054,4294,2604,321,7219,-165,1
14885,7677,5381,4458,17516,-2631,1
12289,6670,2416,610,9696,2593,0
11522,5962,4101,1860,11923,-401,1
5988,4003,1805,210,6018,-30,1
4203,1878,680,785,3343,860,0
4680,3256,1302,82,4640,40,1
9769,4390,3502,954,8846,923,1
4382,2583,1626,1012,5221,-839,1
7410,4027,1489,46,5562,1848,0
14906,6992,5872,1713,14577,329,1
11152,6426,2367,1996,10789,363,1
7689,4880,1257,787,6924,765,1
11112,5464,4120,3240,12824,-1712,1
9829,5244,2676,17,7937,1892,1
10762,6833,2732,3022,12587,-1825,1
4642,2035,701,268,3004,1638,0
10333,5564,2911,2146,10621,-288,1
9803,5629,1291,1775,8695,1108,1
6417,3189,822,1305,5316,1101,1
12250,5882,2809,573,9264,2986,0
5467,2374,1305,165,3844,1623,0
12480,7515,4677,313,12505,-25,1
5868,3986,915,863,5764,104,1
9287,4202,3643,471,8316,971,1
4356,2828,1012,1007,4847,-491,1
10631,6146,3833,2049,12028,-1397,1
4145,1825,1408,75,3308,837,0
7940,4902,2234,1691,8827,-887,1
11992,7619,4121,2977,14717,-2725,1
10898,6173,3031,36,9240,1658,1
12608,8382,4716,961,14059,-1451,1
12854,7811,1679,1183,10673,2181,1
13526,6824,1937,2591,11352,2174,1
4159,2890,527,119,3536,623,1
6177,3688,1614,1522,6824,-647,1
12351,6363,3566,2072,12001,350,1
11724,6462,1564,236,8262,3462,0
10015,5488,1069,2022,8579,1436,1
6638,2774,1864,161,4799,1839,0
4899,3404,1640,1465,6509,-1610,1
12190,8237,1332,3513,13082,-892,1
8157,4853,2977,96,7926,231,1
13039,5430,3965,1433,10828,2211,1
4226,2891,473,66,3430,796,1
12047,6968,1738,2461,11167,880,1
5005,3379,1701,149,5229,-224,1
6051,2921,2253,169,5343,708,1
9885,4460,3347,2722,10529,-644,1
4036,1945,892,1075,3912,124,1
11278,6288,3797,190,10275,1003,1
9887,6594,3205,727,10526,-639,1
10542,4348,2015,1256,7619,2923,0
11500,5334,3273,2776,11383,117,1
7565,5211,2685,1906,9802,-2237,1
9765,6139,2881,410,9430,335,1
10980,7040,2266,2916,12222,-1242,1
10354,4828,1899,659,7386,2968,0
5907,2542,2196,1760,6498,-591,1
6090,3458,1701,1184,6343,-253,1
7526,4046,1898,1985,7929,-403,1
6631,2818,1839,1115,5772,859,1
6995,3624,913,1604,6141,854,1
12779,5113,3167,2036,10316,2463,1
14382,8837,1696,745,11278,3104,0
10840,6059,3826,748,10633,207,1
7337,4054,1614,153,5821,1516,0
10731,5108,3185,931,9224,1507,1
9180,3920,2509,1371,7800,1380,1
7729,3505,2426,346,6277,1452,1
9620,4555,1650,578,6783,2837,0
14437,5782,5527,817,12126,2311,1
7922,3434,1443,739,5616,2306,0
13840,7373,3476,4038,14887,-1047,1
4585,3011,756,1036,4803,-218,1
14170,9470,3697,666,13833,337,1
5678,2644,866,437,3947,1731,0
10862,4476,3175,1799,9450,1412,1
13499,6647,4886,953,12486,1013,1
6287,4333,1216,1699,7248,-961,1
9608,6719,2386,61,9166,442,1
9132,4102,2620,1357,8079,1053,1
9606,4757,1022,349,6128,3478,0
6709,3417,2475,1736,7628,-919,1
10871,4390,1941,1793,8124,2747,0
8507,3804,2332,2068,8204,303,1
5815,3918,1310,456,5684,131,1
7350,4102,2281,2108,8491,-1141,1
14815,9853,2452,2496,14801,14,1
6258,2747,982,197,3926,2332,0
5079,3238,1804,1290,6332,-1253,1
5057,2965,938,158,4061,996,1
4288,1941,580,375,2896,1392,0
5863,3708,1920,475,6103,-240,1
13671,7463,4233,3524,15220,-1549,1
7692,4913,2902,1294,9109,-1417,1
8821,4333,1156,1852,7341,1480,1
12818,6545,3311,3087,12943,-125,1
4779,3299,989,409,4697,82,1
7419,4962,1783,561,7306,113,1
8049,3407,1237,2394,7038,1011,1
8821,5370,2306,663,8339,482,1
10835,7388,2362,1190,10940,-105,1
9970,5436,3929,539,9904,66,1
12206,5697,4649,2683,13029,-823,1
8323,5739,2605,434,8778,-455,1
5709,3716,959,272,4947,762,1
7636,4912,1827,169,6908,728,1
6716,3458,2177,184,5819,897,1
11853,7992,3457,1642,13091,-1238,1
7837,3232,2351,2283,7866,-29,1
7412,3970,2918,973,7861,-449,1
14253,9552,2119,177,11848,2405,1
5816,2820,632,492,3944,1872,0
12390,6802,1804,2786,11392,998,1
5083,3011,1718,1376,6105,-1022,1
12349,7002,4027,1061,12090,259,1
11275,7016,2408,1258,10682,593,1
4743,2209,1327,809,4345,398,1
5428,3740,1455,705,5900,-472,1
8786,4421,2826,613,7860,926,1
6493,2841,1894,833,5568,925,1
14424,6121,2826,2947,11894,2530,1
8483,4453,3041,595,8089,394,1
10778,4568,3602,457,8627,2151,1
7798,4964,2925,336,8225,-427,1
4914,2226,1907,227,4360,554,1
11521,5772,3626,60,9458,2063,1
4037,2364,1080,126,3570,467,1
11352,5227,1916,633,7776,3576,0
12924,6915,4578,1476,12969,-45,1
14649,9214,5076,361,14651,-2,1
8032,4942,3153,1220,9315,-1283,1
8014,5283,3090,1173,9546,-1532,1
5506,3350,1275,1194,5819,-313,1
7954,3838,3155,874,7867,87,1
4571,2408,1180,763,4351,220,1
5094,2180,1974,662,4816,278,1
11040,6544,1779,2900,11223,-183,1
6026,3469,801,362,4632,1394,0
9203,6297,2336,2456,11089,-1886,1
6624,4151,923,467,5541,1083,1
6165,4057,2382,627,7066,-901,1
8758,4396,2124,761,7281,1477,1
13236,6563,3598,139,10300,2936,0
4978,3422,1045,1047,5514,-536,1
9986,4500,3410,659,8569,1417,1
9229,4351,2379,541,7271,1958,0
14782,8306,3587,2076,13969,813,1
9985,6550,2929,782,10261,-276,1
6870,3993,1029,98,5120,1750,0
8250,3467,2663,173,6303,1947,0
9558,6636,1271,1967,9874,-316,1
13835,6105,3443,2021,11569,2266,1
13554,6261,3145,773,10179,3375,0
8069,3446,2218,1357,7021,1048,1
8084,5428,1044,51,6523,1561,1
12623,8154,1590,1774,11518,1105,1
4376,2026,1113,1273,4412,-36,1
11716,5273,4165,3169,12607,-891,1
11706,7605,3854,1153,12612,-906,1
13987,7935,4928,4055,16918,-2931,1
5161,3422,626,1425,5473,-312,1
5785,2907,1067,1564,5538,247,1
14934,8438,1817,3985,14240,694,1
6894,4253,1557,612,6422,472,1
10943,7245,1480,2383,11108,-165,1
12679,5307,4458,2178,11943,736,1
11902,6726,1780,2258,10764,1138,1
5884,3497,2302,2,5801,83,1
12197,6229,3638,2242,12109,88,1
13359,5583,4763,210,10556,2803,0
14474,6113,2968,399,9480,4994,0
4361,2820,789,458,4067,294,1
11612,7803,1820,2452,12075,-463,1
4676,3068,1343,711,5122,-446,1
5820,2836,1430,868,5134,686,1
10040,4532,2907,2106,9545,495,1
6389,3811,2361,1453,7625,-1236,1
7527,5074,1965,76,7115,412,1
14922,6976,5298,1891,14165,757,1
8271,5377,1207,589,7173,1098,1
13651,9406,2061,953,12420,1231,1
11695,5806,2927,2485,11218,477,1
10810,5815,1836,54,7705,3105,0
5925,3915,1810,966,6691,-766,1
13264,5411,1443,1651,8505,4759,0
9405,4633,3420,1534,9587,-182,1
13375,5876,3912,1211,10999,2376,1
6382,3334,769,177,4280,2102,0
14026,8296,3188,2721,14205,-179,1
6417,2658,1781,1017,5456,961,1
8099,3294,2856,1822,7972,127,1
9622,6384,2195,1977,10556,-934,1
10481,5682,3011,401,9094,1387,1
5048,3369,1432,677,5478,-430,1
13329,6428,3456,1397,11281,2048,1
4744,3044,897,186,4127,617,1
13384,7440,3884,3828,15152,-1768,1
6733,3787,2062,2008,7857,-1124,1
11586,5788,3291,3089,12168,-582,1
7787,3829,1281,171,5281,2506,0
12424,8349,2967,3000,14316,-1892,1
4477,2824,690,208,3722,755,1
10364,6054,1917,2895,10866,-502,1
11450,7446,4422,368,12236,-786,1
14307,8544,1528,818,10890,3417,0
6093,4116,1161,891,6168,-75,1
14307,7123,5296,288,12707,1600,1
9792,5536,3561,1520,10617,-825,1
6160,3072,2021,942,6035,125,1
7525,4079,1587,416,6082,1443,1
12493,8711,3058,1764,13533,-1040,1
4060,2124,903,606,3633,427,1
8047,3740,890,1655,6285,1762,0
6768,4369,2618,1769,8756,-1988,1
8751,3869,2545,2501,8915,-164,1
5295,2515,1581,1019,5115,180,1
6785,3655,2374,414,6443,342,1
8207,3567,2700,547,6814,1393,1
14855,6587,1640,2578,10805,4050,0
6545,4327,1928,477,6732,-187,1
14126,8170,2954,2363,13487,639,1
6853,4535,1774,1045,7354,-501,1
13739,9167,3167,1050,13384,355,1
9640,3991,2289,526,6806,2834,0
5804,3735,1640,1603,6978,-1174,1
8500,4932,1602,2102,8636,-136,1
4050,2791,777,917,4485,-435,1
4255,1956,943,107,3006,1249,0
12006,5167,4546,1209,10922,1084,1
7766,3181,1793,849,5823,1943,0
4150,2157,537,1011,3705,445,1
10510,5617,2861,714,9192,1318,1
8583,4679,1320,1766,7765,818,1
5761,3343,1971,1333,6647,-886,1
4521,2621,1165,1144,4930,-409,1
5139,2182,948,1216,4346,793,1
9525,5602,2433,553,8588,937,1
10094,4640,3078,2756,10474,-380,1
7889,5498,1462,2134,9094,-1205,1
13391,8613,1799,3231,13643,-252,1
13576,9440,3624,246,13310,266,1
11340,4701,3592,2841,11134,206,1
4954,3033,1175,965,5173,-219,1
10460,4604,1070,2663,8337,2123,0
5230,2874,749,1039,4662,568,1
8488,5782,1181,2043,9006,-518,1
5243,2656,1373,533,4562,681,1
11009,4765,4300,862,9927,1082,1
7562,4897,1517,909,7323,239,1
9146,4829,2970,1443,9242,-96,1
14240,7058,4240,3867,15165,-925,1
14904,6349,2482,1472,10303,4601,0
9354,5031,2294,270,7595,1759,1
4040,2502,855,1033,4390,-350,1
13268,7570,5189,1513,14272,-1004,1
7589,5147,1437,1643,8227,-638,1
9781,5152,1661,2072,8885,896,1
14550,7331,3596,2409,13336,1214,1
9760,3940,3876,72,7888,1872,1
10340,6169,2507,2332,11008,-668,1
12868,7390,2223,1573,11186,1682,1
14557,8597,3638,651,12886,1671,1
8055,5370,1570,394,7334,721,1
8226,4724,1510,715,6949,1277,1
6159,3322,900,1662,5884,275,1
10794,7045,1974,3048,12067,-1273,1
6917,3293,849,324,4466,2451,0
11749,6806,3365,3059,13230,-1481,1
14835,6715,4295,992,12002,2833,1
4478,2762,1263,819,4844,-366,1
11554,6954,1799,3438,12191,-637,1
4886,2963,1065,1227,5255,-369,1
5618,2761,1287,214,4262,1356,0
6808,3654,936,569,5159,1649,0
9600,6418,3076,640,10134,-534,1
4643,2974,665,1170,4809,-166,1
5399,2372,874,1199,4445,954,1
13007,8339,3325,392,12056,951,1
12575,5789,4842,2156,12787,-212,1
13688,8629,3864,7,12500,1188,1
12162,7932,4018,3293,15243,-3081,1
10785,6375,1144,1996,9515,1270,1
14573,6866,2363,784,10013,4560,0
13882,8521,5459,1701,15681,-1799,1
6889,3406,2174,832,6412,477,1
7908,4078,3082,867,8027,-119,1
12965,6685,4113,2605,13403,-438,1
14434,10081,5470,2535,18086,-3652,1
6621,3310,721,1728,5759,862,1
4216,1998,508,889,3395,821,1
9148,5083,1902,659,7644,1504,1
9961,5005,2615,2457,10077,-116,1
5632,3481,1329,894,5704,-72,1
4073,2293,981,204,3478,595,1
14964,9705,2091,3437,15233,-269,1
11046,4883,3874,2634,11391,-345,1
13095,5413,1976,2979,10368,2727,0
8823,4838,3439,1218,9495,-672,1
7971,4566,1994,916,7476,495,1
6717,3556,1536,973,6065,652,1
10490,6615,2069,284,8968,1522,1
12402,8316,1501,2119,11936,466,1
11262,4533,3825,263,8621,2641,0
10360,7088,3041,1753,11882,-1522,1
9783,5081,2413,2294,9788,-5,1
12902,9014,4528,812,14354,-1452,1
9544,6623,2913,855,10391,-847,1
8410,4259,1579,1345,7183,1227,1
5900,2675,1233,1744,5652,248,1
11535,7069,4211,3416,14696,-3161,1
5216,3411,1281,1298,5990,-774,1
5818,2618,1760,1319,5697,121,1
8602,5404,2724,2565,10693,-2091,1
5517,3739,1158,185,5082,435,1
9371,6343,3110,161,9614,-243,1
9142,3955,2415,630,7000,2142,0
8973,5505,1809,2315,9629,-656,1
7566,3639,1891,1542,7072,494,1
8171,3949,2662,429,7040,1131,1
8983,5388,1318,2047,8753,230,1
11798,6850,4376,835,12061,-263,1
14925,9697,3144,1193,14034,891,1
11978,7576,2179,3273,13028,-1050,1
6426,2703,2013,347,5063,1363,0
6500,3326,1634,754,5714,786,1
8948,4117,2163,1169,7449,1499,1
9290,3743,2664,2196,8603,687,1
4249,2518,885,162,3565,684,1
4686,2215,1510,790,4515,171,1
11242,6477,3134,2524,12135,-893,1
11012,5120,2314,1079,8513,2499,0
4125,1715,940,338,2993,1132,0
4996,2532,1467,857,4856,140,1
8490,5921,2934,653,9508,-1018,1
12815,8844,3740,3812,16396,-3581,1
4843,2707,520,1185,4412,431,1
7536,3679,2748,495,6922,614,1
13761,8415,5450,2410,16275,-2514,1
8746,4726,1690,2537,8953,-207,1
11660,5290,3400,229,8919,2741,0
4696,3137,1200,187,4524,172,1
8331,3958,1661,2158,7777,554,1
11857,6832,1400,490,8722,3135,0
4950,2471,600,350,3421,1529,0
11608,4739,4495,3317,12551,-943,1
13300,8650,1815,3849,14314,-1014,1
11994,7912,4362,2916,15190,-3196,1
4114,2787,1515,894,5196,-1082,1
13707,6142,4634,3224,14000,-293,1
14777,7506,1982,3546,13034,1743,1
11394,6948,4471,2262,13681,-2287,1
5296,3444,1757,854,6055,-759,1
11743,5991,1681,746,8418,3325,0
5386,2375,831,514,3720,1666,0
12414,7885,1517,1448,10850,1564,1
11304,6155,1583,915,8653,2651,0
13867,7900,4904,3015,15819,-1952,1
4986,2990,550,900,4440,546,1
7280,4960,2900,1872,9732,-2452,1
4111,2455,600,456,3511,600,1
8942,4254,2226,2538,9018,-76,1
9207,3757,2447,642,6846,2361,0
13952,6064,2884,1861,10809,3143,0
11735,7479,4219,2607,14305,-2570,1
4999,2806,830,269,3905,1094,0
12111,5606,1797,2339,9742,2369,1
6169,3660,1833,1244,6737,-568,1
10236,6257,3186,2527,11970,-1734,1
14404,7252,1955,1905,11112,3292,0
9255,6123,3236,2254,11613,-2358,1
14844,6556,2635,3443,12634,2210,1
5077,2338,1465,1202,5005,72,1
8431,3515,2207,617,6339,2092,0
9169,3696,1316,1953,6965,2204,0
11799,7179,2538,1908,11625,174,1
9277,5794,3182,226,9202,75,1
7546,3232,1296,839,5367,2179,0
6054,3276,1010,913,5199,855,1
13079,7870,1369,2643,11882,1197,1
4119,1760,1135,219,3114,1005,0
13731,7712,2559,708,10979,2752,0
12598,5270,1957,995,8222,4376,0
9070,4393,3506,2283,10182,-1112,1
14951,6289,4897,4375,15561,-610,1
13952,7050,3651,1761,12462,1490,1
5559,3707,1245,504,5456,103,1
7931,5437,1588,699,7724,207,1
14760,6878,4683,2618,14179,581,1
5424,2619,1035,221,3875,1549,0
14469,7782,1919,190,9891,4578,0
10991,4421,1461,494,6376,4615,0
5779,3893,1965,428,6286,-507,1
9114,4450,2050,2566,9066,48,1
13992,6867,2147,4173,13187,805,1
9790,4403,2509,1701,8613,1177,1
4520,2157,1145,980,4282,238,1
10534,5082,3572,1169,9823,711,1
10074,6245,3753,2236,12234,-2160,1
11699,5895,3035,3296,12226,-527,1
6924,3377,1419,1152,5948,976,1
4864,2880,851,1013,4744,120,1
4998,3033,660,907,4600,398,1
9122,3951,2966,873,7790,1332,1
4667,3119,1669,203,4991,-324,1
11414,5184,3161,1901,10246,1168,1
14517,8559,5262,36,13857,660,1
13501,6200,3187,660,10047,3454,0
14011,6901,2425,262,9588,4423,0
9722,5123,1429,959,7511,2211,0
8982,4565,1550,1025,7140,1842,0
13967,8501,4929,3029,16459,-2492,1
11650,5365,1569,2644,9578,2072,1
6757,4087,1143,1337,6567,190,1
6889,3414,732,211,4357,2532,0
12092,7130,3688,2587,13405,-1313,1
10277,5329,3045,2583,10957,-680,1
6190,3113,1965,1644,6722,-532,1
4712,3009,1183,1004,5196,-484,1
13243,8321,4810,1985,15116,-1873,1
10379,4972,2618,2673,10263,116,1
8589,3526,978,1736,6240,2349,0
10948,4872,3983,2534,11389,-441,1
6650,3844,1394,643,5881,769,1
4109,2270,1556,1100,4926,-817,1
12793,8290,3725,3641,15656,-2863,1
7788,4048,1066,454,5568,2220,0
11985,5834,1941,1973,9748,2237,1
5628,3519,681,776,4976,652,1
7086,4524,1390,1539,7453,-367,1
11857,4797,3629,258,8684,3173,0
4811,2157,523,339,3019,1792,0
12829,5987,1565,2848,10400,2429,1
4756,2922,1513,926,5361,-605,1
11975,6726,4285,2524,13535,-1560,1
14977,9189,2114,2548,13851,1126,1
10007,5992,2581,391,8964,1043,1
5396,3739,2123,1293,7155,-1759,1
11883,6885,2165,394,9444,2439,0
13526,7587,3042,812,11441,2085,1
11458,7709,3828,1369,12906,-1448,1
9505,5333,2917,584,8834,671,1
8566,4882,1655,190,6727,1839,0
14220,8299,3302,4124,15725,-1505,1
9606,5624,2073,2874,10571,-965,1
5019,2962,935,58,3955,1064,0
10043,5018,1228,2548,8794,1249,1
11715,5900,3557,1310,10767,948,1
6083,4046,1100,1571,6717,-634,1
7328,3615,1173,929,5717,1611,0
7722,4764,1173,1484,7421,301,1
6603,2734,2026,1096,5856,747,1
9660,6314,1992,985,9291,369,1
14094,6206,2502,381,9089,5005,0
12543,6696,1605,2421,10722,1821,1
12621,5480,4299,374,10153,2468,1
5543,2604,1364,1298,5266,277,1
14015,7596,3194,2355,13145,870,1
12919,8859,3008,878,12745,174,1
9968,5236,2791,20,8047,1921,1
13864,6239,3191,703,10133,3731,0
11260,7586,3246,1590,12422,-1162,1
11446,8005,3258,3256,14519,-3073,1
8372,3427,1621,2298,7346,1026,1
7264,4577,1378,1286,7241,23,1
6126,2967,1402,334,4703,1423,0
11383,6808,4059,1802,12669,-1286,1
10837,7381,2361,1339,11081,-244,1
13722,6932,4490,4090,15512,-1790,1
5081,2159,747,941,3847,1234,0
10226,5833,3254,1143,10230,-4,1
9221,3981,3302,1486,8769,452,1
10711,4918,2223,778,7919,2792,0
11871,7460,2157,1030,10647,1224,1
11551,4999,2409,2123,9531,2020,1
13338,8429,2621,1707,12757,581,1
14998,8580,1634,1841,12055,2943,1
4134,2183,1027,1119,4329,-195,1
11850,6222,2003,1023,9248,2602,0
7260,4163,811,351,5325,1935,0
8271,5455,1720,1716,8891,-620,1
11926,8160,4482,2613,15255,-3329,1
14626,8411,4828,3628,16867,-2241,1
6471,4088,2581,1180,7849,-1378,1
8799,4400,1087,868,6355,2444,0
8737,5692,2197,670,8559,178,1
10364,5921,1187,2856,9964,400,1
12053,6658,3049,137,9844,2209,1
5832,2620,1451,415,4486,1346,0
4093,2517,1340,830,4687,-594,1
13682,8140,2642,2928,13710,-28,1
12801,8082,4782,3409,16273,-3472,1
14598,8722,1690,3145,13557,1041,1
14625,8202,3042,2115,13359,1266,1
8882,6128,3011,1014,10153,-1271,1
6660,3150,715,1117,4982,1678,0
12820,6232,5037,1736,13005,-185,1
4933,2378,647,1440,4465,468,1
7283,3986,2103,863,6952,331,1
4506,1847,532,395,2774,1732,0
6728,4298,1126,930,6354,374,1
4778,2869,1573,541,4983,-205,1
5005,2651,1546,598,4795,210,1
9430,6592,1758,430,8780,650,1
5353,2818,717,354,3889,1464,0
7416,5044,908,635,6587,829,1
6748,4568,2340,1228,8136,-1388,1
10716,7469,2613,24,10106,610,1
11727,6197,3120,404,9721,2006,1
11257,6334,4244,1792,12370,-1113,1
7791,4585,2129,1854,8568,-777,1
14075,8441,3002,3527,14970,-895,1
5925,4141,1001,671,5813,112,1
8457,4717,2471,355,7543,914,1
8418,4153,2600,2131,8884,-466,1
12835,6885,4545,3380,14810,-1975,1
5185,3122,1817,1307,6246,-1061,1
13618,6027,3911,3887,13825,-207,1
5362,3590,1936,395,5921,-559,1
10362,6780,1650,2991,11421,-1059,1
10718,6297,3993,1402,11692,-974,1
8137,5484,2958,1641,10083,-1946,1
12059,6459,3259,57,9775,2284,1
10732,6930,4205,2848,13983,-3251,1
11895,5754,3197,510,9461,2434,0
5713,3657,2246,1292,7195,-1482,1
7170,4148,2804,1244,8196,-1026,1
8508,4561,1860,509,6930,1578,1
7252,4957,856,1793,7606,-354,1
13487,9131,5326,2429,16886,-3399,1
14706,9384,2338,4366,16088,-1382,1
5402,3074,1139,787,5000,402,1
10042,6648,3607,1314,11569,-1527,1
7124,2956,2553,329,5838,1286,1
7872,3573,1263,802,5638,2234,0
7841,4472,2735,507,7714,127,1
12944,6587,3073,750,10410,2534,1
6339,2629,2020,447,5096,1243,1
5235,2335,1571,96,4002,1233,0
5728,3053,1090,1718,5861,-133,1
9938,6067,1483,1477,9027,911,1
5854,3510,996,4,4510,1344,0
6987,3979,1757,1016,6752,235,1
9670,3997,1490,2155,7642,2028,0
13134,8602,1443,3479,13524,-390,1
6626,3494,1825,952,6271,355,1
11330,4797,1555,2621,8973,2357,0
10113,6978,2517,1224,10719,-606,1
10025,4077,1616,1042,6735,3290,0
11847,5715,1488,2770,9973,1874,1
10248,5832,4074,2508,12414,-2166,1
14644,6801,3529,2082,12412,2232,1
13619,7520,3174,2811,13505,114,1
5254,3211,1193,123,4527,727,1
13997,9422,1785,2666,13873,124,1
8983,4732,3302,1334,9368,-385,1
4839,3036,938,102,4076,763,1
8274,3949,2055,958,6962,1312,1
10741,7388,3461,646,11495,-754,1
6974,3405,1124,1161,5690,1284,1
10485,6381,3838,1988,12207,-1722,1
12992,5595,1765,971,8331,4661,0
8345,4964,1452,2124,8540,-195,1
12779,5620,4991,2072,12683,96,1
6613,2965,2444,1210,6619,-6,1
4793,3291,715,788,4794,-1,1
10510,4922,2398,1906,9226,1284,1
12530,6486,4541,3371,14398,-1868,1
10103,4054,2064,135,6253,3850,0
12471,6941,3410,1931,12282,189,1
11823,8094,2585,2929,13608,-1785,1
14157,6333,4562,3702,14597,-440,1
10768,4427,2234,2753,9414,1354,1
4009,1938,1563,220,3721,288,1
10179,6195,2095,2302,10592,-413,1
8052,4030,2285,378,6693,1359,1
5868,3913,2335,1334,7582,-1714,1
10525,5486,2065,992,8543,1982,1
6804,4511,1757,1073,7341,-537,1
13908,7125,3555,3968,14648,-740,1
8378,5494,2355,1533,9382,-1004,1
11740,7051,3090,2633,12774,-1034,1
11796,5807,4126,709,10642,1154,1
4511,1951,1053,723,3727,784,1
14856,8740,3434,1160,13334,1522,1
13549,7358,2846,1501,11705,1844,1
12996,8122,4445,3648,16215,-3219,1
14515,9492,1890,706,12088,2427,1
9419,3902,1908,364,6174,3245,0
14012,5853,3510,2050,11413,2599,1
14031,6424,5074,1325,12823,1208,1
8013,4236,975,399,5610,2403,0
14606,9515,4519,2762,16796,-2190,1
4440,2381,506,22,2909,1531,0
4618,3135,948,129,4212,406,1
8831,3695,1582,785,6062,2769,0
9453,5161,2558,1588,9307,146,1
14295,8501,4837,1977,15315,-1020,1
5549,3434,1656,874,5964,-415,1
13192,6407,1633,291,8331,4861,0
7171,4509,901,1019,6429,742,1
14305,5761,2360,2470,10591,3714,0
4848,3226,526,762,4514,334,1
5500,3540,1828,1202,6570,-1070,1
14297,8713,2269,1083,12065,2232,1
12294,5042,4623,989,10654,1640,1
5685,3055,1416,86,4557,1128,1
7173,3803,2676,1136,7615,-442,1
6666,3929,907,1910,6746,-80,1
4990,2948,1074,865,4887,103,1
9792,4710,2948,2830,10488,-696,1
4551,2902,1348,631,4881,-330,1
7801,4687,1567,1542,7796,5,1
11158,4875,3503,1414,9792,1366,1
11749,5664,3986,1362,11012,737,1
11399,7775,4020,3088,14883,-3484,1
8151,4458,1232,2356,8046,105,1
13209,6195,3741,1507,11443,1766,1
6352,2652,778,216,3646,2706,0
5087,3395,942,219,4556,531,1
9872,6349,3748,1880,11977,-2105,1
14351,7645,3180,3337,14162,189,1
7033,3476,979,1087,5542,1491,0
4625,2504,781,203,3488,1137,0
10279,4221,2255,1189,7665,2614,0
4442,2988,802,370,4160,282,1
6549,4411,1115,172,5698,851,1
8297,4840,1582,1406,7828,469,1
8943,6173,1770,2499,10442,-1499,1
6075,3933,1766,432,6131,-56,1
14810,8989,4633,2465,16087,-1277,1
11167,7224,1888,1811,10923,244,1
7049,4586,2117,2114,8817,-1768,1
14046,5681,5023,2343,13047,999,1
5006,2132,963,499,3594,1412,0
8753,3574,1664,1749,6987,1766,0
9873,6127,3003,1797,10927,-1054,1
13248,8882,4839,443,14164,-916,1
4877,2421,570,926,3917,960,1
14493,7179,1551,2250,10980,3513,0
12002,7203,4107,2886,14196,-2194,1
7121,4305,952,1788,7045,76,1
7427,4547,1523,1923,7993,-566,1
14944,9478,5481,483,15442,-498,1
7837,5237,946,548,6731,1106,1
12372,8215,4440,3505,16160,-3788,1
4031,1913,1248,483,3644,387,1
12592,8012,3030,3352,14394,-1802,1
9495,4013,1184,1761,6958,2537,0
14529,6328,2093,2843,11264,3265,0
7730,3690,2107,1178,6975,755,1
10659,7342,3787,2790,13919,-3260,1
5370,3252,1726,628,5606,-236,1
12858,5626,1392,1140,8158,4700,0
8074,5479,2498,159,8136,-62,1
10969,7151,1151,1841,10143,826,1
13302,8246,3670,64,11980,1322,1
10465,5398,2847,2436,10681,-216,1
13016,8346,1419,1730,11495,1521,1
8383,4535,1786,255,6576,1807,0
11196,5292,4296,547,10135,1061,1
8784,5384,3347,2442,11173,-2389,1
10618,5528,2293,2978,10799,-181,1
10279,5801,1255,945,8001,2278,0
4578,2675,1773,813,5261,-683,1
14356,5954,4855,396,11205,3151,0
6595,4232,1555,1678,7465,-870,1
14816,6610,2217,3480,12307,2509,1
10025,6005,3289,2026,11320,-1295,1
9818,4803,3910,1938,10651,-833,1
13198,5613,3471,1707,10791,2407,1
4997,3465,1580,932,5977,-980,1
12174,7432,2894,2553,12879,-705,1
12730,6879,3412,550,10841,1889,1
9760,5105,3013,1174,9292,468,1
5112,2996,716,1015,4727,385,1
4166,2414,1243,964,4621,-455,1
7881,4471,2033,2007,8511,-630,1
7181,3256,1039,1421,5716,1465,0
5464,2899,1562,20,4481,983,1
9192,4602,2447,1844,8893,299,1
13291,9246,1922,1055,12223,1068,1
12567,6504,1945,2560,11009,1558,1
7224,4758,2112,67,6937,287,1
14389,7878,4426,3866,16170,-1781,1
9801,4860,2922,735,8517,1284,1
7250,4392,2696,767,7855,-605,1
12896,8601,4165,1410,14176,-1280,1
7614,4267,2146,570,6983,631,1
14324,7532,2166,2511,12209,2115,1
8904,5150,2525,964,8639,265,1
4803,2992,788,698,4478,325,1
11604,6885,2640,2299,11824,-220,1
4512,2855,1194,527,4576,-64,1
12546,8495,4630,3324,16449,-3903,1
13024,8107,2191,2358,12656,368,1
13863,6724,4016,3246,13986,-123,1
11868,6504,4648,649,11801,67,1
14162,7323,3115,2660,13098,1064,1
4324,1798,986,168,2952,1372,0
13742,6417,4761,2967,14145,-403,1
7449,4430,1560,2017,8007,-558,1
10804,6999,2978,830,10807,-3,1
14295,8778,2414,810,12002,2293,1
12429,8652,1589,1997,12238,191,1
4830,2016,1772,1388,5176,-346,1
7079,3424,1871,1981,7276,-197,1
5312,2866,902,941,4709,603,1
11063,6298,2418,1040,9756,1307,1
6869,3133,917,1557,5607,1262,1
11831,5217,1715,3460,10392,1439,1
5063,2830,1188,1446,5464,-401,1
6364,2631,2367,1688,6686,-322,1
6861,3274,1464,2,4740,2121,0
8682,5724,2888,304,8916,-234,1
4062,2280,1508,887,4675,-613,1
4315,2580,1392,514,4486,-171,1
9132,4267,1045,858,6170,2962,0
10385,6274,4058,2792,13124,-2739,1
7622,4293,2984,2192,9469,-1847,1
7743,4755,1219,748,6722,1021,1
10955,6536,3749,1354,11639,-684,1
14936,8742,2868,185,11795,3141,0
11148,4841,2141,1620,8602,2546,0
7405,5129,2398,421,7948,-543,1
13524,7070,5072,1232,13374,150,1
4338,2488,950,936,4374,-36,1
11842,6076,1799,2215,10090,1752,1
14563,8216,4764,2602,15582,-1019,1
4809,3060,1097,316,4473,336,1
13822,8190,5288,3086,16564,-2742,1
9702,6704,991,1153,8848,854,1
11039,6660,3546,1818,12024,-985,1
5323,2717,670,1576,4963,360,1
11837,4895,1204,1793,7892,3945,0
14030,6869,4773,112,11754,2276,1
11586,7252,2402,1207,10861,725,1
10432,4238,2127,1980,8345,2087,0
8170,4668,2463,1643,8774,-604,1
13923,6285,2311,695,9291,4632,0
4459,2487,1506,458,4451,8,1
10369,4587,2124,980,7691,2678,0
12858,8056,4416,777,13249,-391,1
7758,4704,1577,928,7209,549,1
5305,3634,1597,1426,6657,-1352,1
5201,2460,1904,30,4394,807,1
12524,5630,2563,1820,10013,2511,0
12248,6167,1958,1806,9931,2317,1
12106,6418,3048,3524,12990,-884,1
11229,5416,3313,599,9328,1901,1
6825,3234,2232,286,5752,1073,1
13727,8604,3811,1316,13731,-4,1
7358,4245,2396,47,6688,670,1
4029,2706,1486,1126,5318,-1289,1
14806,8139,4062,3745,15946,-1140,1
7631,4895,843,1773,7511,120,1
6706,3815,943,284,5042,1664,0
7378,4347,2244,988,7579,-201,1
6049,2535,2324,183,5042,1007,1
14466,9447,3493,2395,15335,-869,1
14879,10127,5140,2946,18213,-3334,1
9362,6076,2428,203,8707,655,1
5683,3000,1816,1436,6252,-569,1
8671,5471,3388,1109,9968,-1297,1
13681,6579,1514,1599,9692,3989,0
10097,5591,2386,2271,10248,-151,1
7228,4887,2759,1646,9292,-2064,1
12025,7955,2759,161,10875,1150,1
5552,3579,2160,1083,6822,-1270,1
5884,2594,847,1644,5085,799,1
11473,6846,1254,3123,11223,250,1
12858,8633,2845,714,12192,666,1
11100,7514,2088,1337,10939,161,1
14995,9178,5131,3931,18240,-3245,1
10975,4535,1257,840,6632,4343,0
8312,5373,1627,1361,8361,-49,1
5983,3809,2149,311,6269,-286,1
4697,1903,835,252,2990,1707,0
12796,8256,2638,3745,14639,-1843,1
8117,3928,2454,839,7221,896,1
14603,5940,3689,1072,10701,3902,0
10446,4410,1883,2372,8665,1781,1
8487,5670,1222,279,7171,1316,1
4829,2017,1374,401,3792,1037,0
5835,2545,1788,520,4853,982,1
7402,4825,1291,2009,8125,-723,1
5854,3288,2261,239,5788,66,1
5321,2950,833,1070,4853,468,1
7595,4921,1042,1923,7886,-291,1
10060,5718,3264,746,9728,332,1
8298,4033,1002,2311,7346,952,1
9075,6038,3111,313,9462,-387,1
4814,2849,1401,334,4584,230,1
11889,5798,2762,2168,10728,1161,1
6751,4128,1863,558,6549,202,1
5092,2827,639,163,3629,1463,0
6204,2734,1184,1703,5621,583,1
12231,5168,4554,1187,10909,1322,1
5090,2603,1967,432,5002,88,1
11033,7352,1907,1071,10330,703,1
10165,6650,2701,2050,11401,-1236,1
10154,5259,3342,2467,11068,-914,1
12549,7666,3133,2705,13504,-955,1
5953,3030,2266,632,5928,25,1
14273,5890,5186,1852,12928,1345,1
14929,7908,2631,3476,14015,914,1
5480,3115,891,937,4943,537,1
4435,2818,500,1035,4353,82,1
7909,3182,2042,2256,7480,429,1
13970,7861,3549,2659,14069,-99,1
11602,5786,3473,2799,12058,-456,1
10528,7151,1076,3026,11253,-725,1
13798,9143,5308,3720,18171,-4373,1
9540,5088,2745,2815,10648,-1108,1
4696,2935,1485,1206,5626,-930,1
6534,2759,1546,465,4770,1764,0
14550,6370,4801,4290,15461,-911,1
8350,3341,940,1784,6065,2285,0
14629,6925,3365,3492,13782,847,1
10576,5420,1225,1547,8192,2384,0
11465,6366,1498,762,8626,2839,0
14459,8447,4663,3035,16145,-1686,1
12100,5473,4220,1872,11565,535,1
7525,3698,1879,1649,7226,299,1
14742,9054,3571,2488,15113,-371,1
7811,3703,1693,1571,6967,844,1
9340,4729,2293,2051,9073,267,1
10050,6985,1593,203,8781,1269,1
4163,1981,438,483,2902,1261,0
14570,6936,4615,2139,13690,880,1
5954,2808,828,1186,4822,1132,1
9071,4614,1296,1140,7050,2021,0
9753,4797,1195,240,6232,3521,0
5040,3211,907,680,4798,242,1
13671,5790,2728,978,9496,4175,0
4838,2332,1101,48,3481,1357,0
4934,2554,1932,1022,5508,-574,1
14004,5764,4498,545,10807,3197,0
8542,5076,1796,1351,8223,319,1
10905,5542,1487,1257,8286,2619,0
7582,3327,1160,1584,6071,1511,1
8803,4624,2771,107,7502,1301,1
8647,5045,1035,2393,8473,174,1
5389,2419,1980,1038,5437,-48,1
7991,3199,2227,2012,7438,553,1
5798,3579,1331,1596,6506,-708,1
13720,9155,4786,1652,15593,-1873,1
13337,7194,4049,2540,13783,-446,1
13269,8614,1603,2286,12503,766,1
4348,2415,460,549,3424,924,0
8281,4810,1206,541,6557,1724,0
7656,3784,2545,2265,8594,-938,1
7591,4940,2316,6,7262,329,1
13549,6006,4792,929,11727,1822,1
14592,7274,4823,4047,16144,-1552,1
12894,7607,4384,2258,14249,-1355,1
4548,2332,1195,1342,4869,-321,1
11953,6127,3786,3284,13197,-1244,1
14568,8656,4362,1815,14833,-265,1
14549,10158,5296,3019,18473,-3924,1
12766,6311,4192,525,11028,1738,1
9734,5995,2792,1217,10004,-270,1
7640,4846,1730,2142,8718,-1078,1
13071,7361,4115,2054,13530,-459,1
14658,9471,2135,2833,14439,219,1
8613,5469,1685,2078,9232,-619,1
11634,7240,4004,2919,14163,-2529,1
10335,5881,3366,1012,10259,76,1
10815,5639,4304,921,10864,-49,1
13182,7936,2091,788,10815,2367,1
7091,4955,2730,283,7968,-877,1
10951,7062,3505,1903,12470,-1519,1
14609,9694,4345,3204,17243,-2634,1
4402,2512,837,118,3467,935,0
13557,6791,1774,1903,10468,3089,0
11102,6914,3035,2622,12571,-1469,1
12588,8603,2347,713,11663,925,1
14941,6696,4708,3872,15276,-335,1
7345,4877,1291,671,6839,506,1
13475,6874,1758,1119,9751,3724,0
13237,8181,3016,159,11356,1881,1
5088,3404,751,1347,5502,-414,1
8597,3707,2930,2185,8822,-225,1
6660,3318,1279,1059,5656,1004,1
7137,4434,1736,2009,8179,-1042,1
12259,8365,1879,1936,12180,79,1
8321,3635,1340,387,5362,2959,0
14163,7307,4441,1602,13350,813,1
10474,6234,1562,431,8227,2247,0
9353,3997,2544,1341,7882,1471,1
4264,2301,845,503,3649,615,1
14303,5836,1538,3646,11020,3283,0
9778,5358,1125,620,7103,2675,0
11733,5579,2381,1794,9754,1979,1
7499,4002,1839,1548,7389,110,1
4967,2208,789,276,3273,1694,0
8476,3882,1317,72,5271,3205,0
6181,3029,1896,304,5229,952,1
7888,3842,1351,2001,7194,694,1
13992,6493,1436,1853,9782,4210,0
4979,2984,1435,23,4442,537,1
13419,7348,3765,146,11259,2160,1
11620,7031,3052,2561,12644,-1024,1
6498,2672,1652,1471,5795,703,1
7933,5375,2312,515,8202,-269,1
11417,7528,2850,2210,12588,-1171,1
14579,8104,5382,4008,17494,-2915,1
12470,5604,3994,538,10136,2334,1
13884,5861,3700,194,9755,4129,0
9483,5591,1249,2179,9019,464,1
8971,5582,1805,53,7440,1531,1
12572,5367,1856,3140,10363,2209,1
6002,2930,1151,686,4767,1235,0
7751,3130,1044,1655,5829,1922,0
7041,2932,759,1859,5550,1491,0
8565,4877,2463,710,8050,515,1
10395,5847,2117,1838,9802,593,1
7764,3870,901,1224,5995,1769,0
13438,7484,3285,3644,14413,-975,1
10032,5006,1628,1386,8020,2012,0
13379,6272,2694,3272,12238,1141,1
14572,6220,5550,2480,14250,322,1
6665,2962,931,1631,5524,1141,1
10126,5774,2082,1102,8958,1168,1
6996,3677,2337,1853,7867,-871,1
10279,6976,2066,353,9395,884,1
11203,5753,2067,765,8585,2618,0
12704,5598,2415,3133,11146,1558,1
4480,2388,904,1090,4382,98,1
11563,6864,1938,2104,10906,657,1
13017,5237,3848,1173,10258,2759,0
10202,4929,3484,1029,9442,760,1
6346,4200,1073,1345,6618,-272,1
8314,5203,2504,336,8043,271,1
9753,4307,2283,1290,7880,1873,1
13899,7100,5422,876,13398,501,1
9225,4592,2961,621,8174,1051,1
11873,7747,3800,3366,14913,-3040,1
7788,4759,1958,1561,8278,-490,1
11046,4566,1208,2698,8472,2574,0
12582,6513,1543,1082,9138,3444,0
6641,4158,1905,1044,7107,-466,1
12708,6518,4478,826,11822,886,1
10414,6200,3291,1313,10804,-390,1
10781,4340,1634,1556,7530,3251,0
7721,5248,2847,420,8515,-794,1
11130,5390,3594,1620,10604,526,1
8226,5583,1141,838,7562,664,1
7335,3539,1608,1193,6340,995,1
14038,9821,3767,2728,16316,-2278,1
10349,5367,3010,934,9311,1038,1
10527,6743,3483,2433,12659,-2132,1
12075,7347,2621,404,10372,1703,1
4409,2083,731,297,3111,1298,0
6767,4547,1629,1828,8004,-1237,1
9572,6307,2814,2761,11882,-2310,1
5496,2921,1037,460,4418,1078,1
5270,2155,1580,268,4003,1267,0
8837,5031,2265,2509,9805,-968,1
7333,4203,2834,282,7319,14,1
7971,4373,3072,833,8278,-307,1
5781,3961,1408,701,6070,-289,1
9321,5572,2871,1509,9952,-631,1
7277,3257,1144,889,5290,1987,0
4172,1775,1214,260,3249,923,0
10383,6971,3052,69,10092,291,1
8208,4655,1755,146,6556,1652,0
4192,1722,602,869,3193,999,0
4223,2400,744,1242,4386,-163,1
11926,5935,2463,1448,9846,2080,1
14913,7900,5098,4343,17341,-2428,1
11084,5043,1654,2547,9244,1840,1
7608,3830,2334,1574,7738,-130,1
11287,6327,1932,2901,11160,127,1
12695,7531,1910,313,9754,2941,0
9936,6097,3874,719,10690,-754,1
11836,7224,2231,1055,10510,1326,1
5759,2885,1662,1411,5958,-199,1
13692,8590,3207,2306,14103,-411,1
12117,8265,2430,1655,12350,-233,1
8808,4946,3478,1821,10245,-1437,1
6650,3433,1667,1391,6491,159,1
11073,6836,3230,2876,12942,-1869,1
11547,7397,1208,533,9138,2409,0
5195,3011,1343,1006,5360,-165,1
8133,4550,1963,1063,7576,557,1
9489,5771,3526,1989,11286,-1797,1
7503,3330,1923,578,5831,1672,0
8984,3885,1402,660,5947,3037,0
5013,2104,1375,913,4392,621,1
6463,3948,1857,1475,7280,-817,1
5782,2633,917,153,3703,2079,0
4515,1920,1037,431,3388,1127,0
11053,4563,3452,3233,11248,-195,1
13932,7218,5099,128,12445,1487,1
9868,4807,2293,1492,8592,1276,1
7570,3383,1824,572,5779,1791,0
4480,2301,1698,384,4383,97,1
12860,8686,4865,2769,16320,-3460,1
5945,2644,661,1379,4684,1261,0
8977,4361,1220,1545,7126,1851,0
11392,5890,4163,433,10486,906,1
13460,9006,2431,735,12172,1288,1
4840,2920,1579,1152,5651,-811,1
10054,4191,3414,810,8415,1639,1
7312,4032,2321,850,7203,109,1
8356,5066,3330,1898,10294,-1938,1
5811,3554,818,221,4593,1218,0
10432,7245,1906,923,10074,358,1
7271,3092,876,713,4681,2590,0
14861,6402,2531,2377,11310,3551,0
13566,9175,4909,3894,17978,-4412,1
5319,3692,997,846,5535,-216,1
13876,7387,2994,1304,11685,2191,1
4171,2110,940,849,3899,272,1
8474,5424,3211,2192,10827,-2353,1
12965,5743,3519,3280,12542,423,1
10879,4395,1486,591,6472,4407,0
10800,5733,1504,486,7723,3077,0
11831,8007,4506,174,12687,-856,1
8957,5561,2736,2437,10734,-1777,1
4941,2245,1903,377,4525,416,1
9406,4939,3299,2336,10574,-1168,1
13601,6749,5041,1638,13428,173,1
12756,8320,1746,1555,11621,1135,1
9222,3965,2837,1031,7833,1389,1
10591,6591,2096,2175,10862,-271,1
6365,2554,873,1561,4988,1377,0
11247,5263,4127,311,9701,1546,1
12860,7753,3498,163,11414,1446,1
7071,4002,1030,1520,6552,519,1
7339,3208,866,1807,5881,1458,1
4962,2141,521,1064,3726,1236,0
10511,6429,1291,1138,8858,1653,1
12849,8978,5010,2218,16206,-3357,1
10477,5379,2129,1585,9093,1384,1
7652,3294,972,286,4552,3100,0
4572,2226,499,630,3355,1217,0
10580,4347,1770,2656,8773,1807,1
7294,3602,1235,25,4862,2432,0
13235,8251,3360,580,12191,1044,1
10738,4639,1114,2560,8313,2425,0
12656,6375,3059,664,10098,2558,0
5553,3567,559,327,4453,1100,1
7977,4839,1242,2277,8358,-381,1
13554,8211,4517,1329,14057,-503,1
6989,3571,1703,730,6004,985,1
4890,3190,1703,849,5742,-852,1
4659,1960,1144,725,3829,830,1
9855,4179,1400,1759,7338,2517,0
8737,4815,3048,2533,10396,-1659,1
10120,6862,3586,2219,12667,-2547,1
7151,4466,1658,212,6336,815,1
8820,3907,1553,200,5660,3160,0
12617,5267,2662,1875,9804,2813,0
8922,5202,2983,1214,9399,-477,1
13300,8423,4687,1987,15097,-1797,1
13011,7127,2570,3429,13126,-115,1
6213,2508,1993,1485,5986,227,1
12814,5250,2204,3057,10511,2303,1
11902,7478,4079,3264,14821,-2919,1
7946,4238,2764,218,7220,726,1
8412,5800,1518,1642,8960,-548,1
10171,6034,3324,2348,11706,-1535,1
5091,3277,1619,245,5141,-50,1
6646,2714,2295,1871,6880,-234,1
8558,3852,2534,642,7028,1530,1
8567,5759,2668,1758,10185,-1618,1
10813,7232,2908,577,10717,96,1
13407,8169,1760,3155,13084,323,1
7301,3264,843,403,4510,2791,0
6089,4252,1579,12,5843,246,1
7244,3156,1664,1818,6638,606,1
8563,3993,1659,1698,7350,1213,1
10530,4667,2581,907,8155,2375,0
7144,3427,2398,64,5889,1255,1
6514,3294,1055,1194,5543,971,1
12761,6432,1411,3774,11617,1144,1
5466,3324,830,1599,5753,-287,1
10448,5826,1691,406,7923,2525,0
13410,5954,1633,2581,10168,3242,0
9374,5137,3710,2034,10881,-1507,1
7009,3325,819,324,4468,2541,0
8816,4435,3338,849,8622,194,1
4465,2191,1109,982,4282,183,1
4330,1873,474,706,3053,1277,0
13457,6445,5246,1491,13182,275,1
6716,3783,986,1132,5901,815,1
8639,3853,3100,1098,8051,588,1
10397,4478,2430,431,7339,3058,0
11542,4970,1751,21,6742,4800,0
12513,5868,2784,709,9361,3152,0
5172,2573,530,537,3640,1532,0
8538,4819,1970,1459,8248,290,1
12727,5342,4175,3497,13014,-287,1
12373,6545,4138,2098,12781,-408,1
12573,6959,3643,2377,12979,-406,1
11967,7891,4263,1149,13303,-1336,1
8824,4727,1058,423,6208,2616,0
7769,4738,1831,476,7045,724,1
6364,2591,2213,655,5459,905,1
13483,8312,2438,1811,12561,922,1
7270,3495,1141,1282,5918,1352,1
7162,4993,2774,725,8492,-1330,1
13058,9124,3864,1960,14948,-1890,1
11022,4440,1109,2408,7957,3065,0
10809,4733,1664,774,7171,3638,0
13032,7783,4083,569,12435,597,1
7107,3912,1685,201,5798,1309,1
7677,3617,1244,2201,7062,615,1
6301,3114,2400,1755,7269,-968,1
9266,5262,1091,903,7256,2010,0
9705,6011,1440,2656,10107,-402,1
6970,3877,853,1783,6513,457,1
7056,3683,1970,1593,7246,-190,1
8504,4295,3265,2348,9908,-1404,1
12795,6606,5020,3222,14848,-2053,1
13609,5533,2030,774,8337,5272,0
10492,7338,2419,14,9771,721,1
11023,7044,1833,62,8939,2084,1
9939,6344,3312,950,10606,-667,1
12588,7064,2008,3202,12274,314,1
14212,6295,2527,1180,10002,4210,0
9318,4523,1067,1097,6687,2631,0
4415,1989,1529,824,4342,73,1
9802,6630,3189,2489,12308,-2506,1
10632,4703,1242,2674,8619,2013,1
13190,8336,3051,2067,13454,-264,1
6206,2913,844,1759,5516,690,1
11315,5340,2065,3313,10718,597,1
12697,7895,4076,1007,12978,-281,1
10226,6944,3390,41,10375,-149,1
12889,8878,2230,1466,12574,315,1
9730,4028,1911,2615,8554,1176,1
4736,2848,680,664,4192,544,1
5217,3461,1299,55,4815,402,1
13584,7558,3097,2627,13282,302,1
12886,6827,1949,2658,11434,1452,1
11788,7076,2671,1060,10807,981,1
9329,5678,2036,928,8642,687,1
5503,3022,1212,1109,5343,160,1
10780,5311,1319,2058,8688,2092,1
8337,5590,876,1192,7658,679,1
4040,2442,749,651,3842,198,1
4599,3214,904,941,5059,-460,1
10462,4499,3413,2442,10354,108,1
14726,7632,5028,705,13365,1361,1
13975,6841,3437,2022,12300,1675,1
9557,3986,1191,1674,6851,2706,0
7028,3588,2157,1205,6950,78,1
10372,6531,2490,3099,12120,-1748,1
8332,5597,865,882,7344,988,1
8364,3847,2569,604,7020,1344,1
7505,4707,2594,943,8244,-739,1
9028,5268,3402,838,9508,-480,1
8189,5647,1103,38,6788,1401,1
11369,7239,4038,1728,13005,-1636,1
13336,5886,5135,2023,13044,292,1
7530,5228,1578,1969,8775,-1245,1
4851,3028,1841,445,5314,-463,1
5849,3012,600,1637,5249,600,1
12626,7328,1540,2895,11763,863,1
13303,9278,2729,1012,13019,284,1
9278,4462,2273,736,7471,1807,1
11882,6179,2887,1306,10372,1510,1
12082,8157,1491,3618,13266,-1184,1
12819,6257,2061,1913,10231,2588,0
14103,8092,1668,2279,12039,2064,1
11665,7882,3285,2063,13230,-1565,1
12012,5182,4618,3382,13182,-1170,1
6431,3457,1333,1094,5884,547,1
11023,4901,2355,429,7685,3338,0
8641,4859,2539,2241,9639,-998,1
14083,7888,3766,4184,15838,-1755,1
4000,2204,1146,47,3397,603,1
7244,3177,1029,123,4329,2915,0
5885,3986,1455,35,5476,409,1
8475,3568,1053,1285,5906,2569,0
10745,4321,1119,2362,7802,2943,0
4491,2849,1484,753,5086,-595,1
6830,4168,2693,708,7569,-739,1
10753,6557,4089,2587,13233,-2480,1
11403,6719,3812,1606,12137,-734,1
11404,7839,2252,1361,11452,-48,1
4302,2258,1016,1205,4479,-177,1
4628,2754,1645,377,4776,-148,1
11613,5093,4574,534,10201,1412,1
12122,4911,3268,850,9029,3093,0
11432,6877,2663,928,10468,964,1
10280,6309,2689,1702,10700,-420,1
6818,4608,2588,247,7443,-625,1
12494,7667,2847,3114,13628,-1134,1
7151,4772,1360,934,7066,85,1
11876,5359,4285,3553,13197,-1321,1
5795,3656,828,1641,6125,-330,1
7777,4273,2841,2251,9365,-1588,1
7561,4242,1508,1369,7119,442,1
10008,6262,3127,686,10075,-67,1
12276,8086,3095,54,11235,1041,1
10646,4500,3059,246,7805,2841,0
7280,3360,1411,763,5534,1746,0
12352,7295,2482,3134,12911,-559,1
14529,6506,1504,869,8879,5650,0
9779,4021,1230,2831,8082,1697,1
10453,5256,3852,26,9134,1319,1
10343,4161,3020,1962,9143,1200,1
4023,2056,705,320,3081,942,0
13234,9186,3534,1620,14340,-1106,1
14306,5729,4464,3963,14156,150,1
10908,5457,2671,1196,9324,1584,1
4476,3053,810,755,4618,-142,1
9813,4160,1162,2143,7465,2348,0
4093,1685,886,623,3194,899,0
7981,4940,2676,1250,8866,-885,1
10526,5639,4095,198,9932,594,1
5732,2568,1141,443,4152,1580,0
10249,6820,1865,806,9491,758,1
6055,3702,2262,127,6091,-36,1
5059,3002,1025,901,4928,131,1
5689,2977,1831,988,5796,-107,1
4865,3027,1134,911,5072,-207,1
10267,4294,2469,2368,9131,1136,1
13477,5912,3575,1616,11103,2374,1
10337,4178,2735,2490,9403,934,1
13105,6822,4971,3728,15521,-2416,1
10957,6903,1530,117,8550,2407,0
9297,5430,1525,1022,7977,1320,1
12687,7924,4810,509,13243,-556,1
7751,3406,2869,1953,8228,-477,1
10922,5609,3479,422,9510,1412,1
11586,7259,2334,1612,11205,381,1
6945,4793,1269,612,6674,271,1
7587,3035,2850,625,6510,1077,1
10352,6486,3955,2218,12659,-2307,1
5855,3955,1089,921,5965,-110,1
11909,5048,3836,1719,10603,1306,1
9126,5721,3007,498,9226,-100,1
11916,6789,3945,600,11334,582,1
13413,9345,2341,1936,13622,-209,1
7457,3502,855,1894,6251,1206,1
10731,6136,3714,227,10077,654,1
7184,4678,2425,643,7746,-562,1
11841,5824,2323,936,9083,2758,0
14028,7910,1800,1402,11112,2916,0
11197,6962,2630,1663,11255,-58,1
6303,3756,2255,1495,7506,-1203,1
14215,8840,3295,3538,15673,-1458,1
6844,4131,860,1881,6872,-28,1
7627,3933,1654,998,6585,1042,1
14103,7204,4885,2208,14297,-194,1
10931,6234,1782,3124,11140,-209,1
9784,5083,3698,394,9175,609,1
4197,1721,581,321,2623,1574,0
4059,1832,845,218,2895,1164,0
12629,6111,3563,2701,12375,254,1
13321,7097,3164,1552,11813,1508,1
14361,6350,2390,3466,12206,2155,1
6604,2721,851,1927,5499,1105,1
13938,7655,1652,521,9828,4110,0
4475,2880,1680,58,4618,-143,1
9194,5808,2818,2643,11269,-2075,1
13796,6050,5196,2926,14172,-376,1
4088,1707,799,302,2808,1280,0
14372,6595,4624,2248,13467,905,1
9563,5705,3557,11,9273,290,1
8366,4669,3241,697,8607,-241,1
6984,4313,787,995,6095,889,1
13248,8367,2326,2145,12838,410,1
9157,5011,1789,444,7244,1913,0
6854,3893,2336,1094,7323,-469,1
7981,4971,1937,93,7001,980,1
13983,9672,3761,862,14295,-312,1
12375,8386,3051,3438,14875,-2500,1
11705,7699,1645,1649,10993,712,1
4765,2955,1078,161,4194,571,1
14921,6807,4135,3022,13964,957,1
6141,2744,1226,1183,5153,988,1
4504,1965,741,198,2904,1600,0
13666,6120,5247,3626,14993,-1327,1
12444,6105,3248,3402,12755,-311,1
10007,6433,2651,633,9717,290,1
13722,6668,2180,1804,10652,3070,0
5560,2319,2010,58,4387,1173,0
5438,2432,1552,1117,5101,337,1
14416,6099,2108,1603,9810,4606,0
13231,8704,4748,2558,16010,-2779,1
5074,2731,1283,1104,5118,-44,1
11686,8151,1943,2720,12814,-1128,1
7837,5259,1535,1536,8330,-493,1
9228,4885,2117,461,7463,1765,1
12105,6487,2670,359,9516,2589,0
11426,5654,1867,1298,8819,2607,0
10375,4524,2780,1446,8750,1625,1
10767,5067,1308,910,7285,3482,0
10656,5989,2598,2268,10855,-199,1
12882,5912,5037,1646,12595,287,1
14793,6834,4722,4428,15984,-1191,1
6166,3121,2269,1693,7083,-917,1
14108,8157,3066,1737,12960,1148,1
4241,2155,1258,168,3581,660,1
5151,2496,865,1152,4513,638,1
7041,3230,1852,522,5604,1437,0
11470,6829,3867,2577,13273,-1803,1
14374,7659,1974,1461,11094,3280,0
8271,4378,2962,1431,8771,-500,1
13386,8280,4643,1778,14701,-1315,1
9602,3938,2287,2008,8233,1369,1
7061,4345,806,1709,6860,201,1
10653,5735,4179,209,10123,530,1
13736,6249,5476,3584,15309,-1573,1
12888,8691,1627,2487,12805,83,1
6410,3270,1399,132,4801,1609,0
12343,7731,3032,857,11620,723,1
13366,8139,2402,3104,13645,-279,1
5041,2557,1755,452,4764,277,1
8306,4914,2152,1544,8610,-304,1
12872,5659,3322,2185,11166,1706,1
10404,5680,2250,2334,10264,140,1
6939,3112,1926,777,5815,1124,1
5200,2388,1855,1245,5488,-288,1
6993,2814,2469,582,5865,1128,1
10367,4568,1077,740,6385,3982,0
5635,3817,1453,1095,6365,-730,1
11107,5957,2077,1493,9527,1580,1
6290,2916,2373,1307,6596,-306,1
7208,3632,802,1895,6329,879,1
6388,3255,2191,825,6271,117,1
5955,2723,1179,1233,5135,820,1
7147,3603,1784,464,5851,1296,1
5244,2620,2058,1118,5796,-552,1
6312,2608,2468,381,5457,855,1
12639,8283,3928,3432,15643,-3004,1
8879,5537,2193,2637,10367,-1488,1
11761,4717,4196,2975,11888,-127,1
4043,2723,1484,874,5081,-1038,1
10346,4311,1501,2905,8717,1629,1
4832,3323,877,914,5114,-282,1
12389,8247,4860,855,13962,-1573,1
5137,3255,1458,693,5406,-269,1
5517,3856,1339,1517,6712,-1195,1
6409,2754,1407,1205,5366,1043,1
13172,8658,4688,3169,16515,-3343,1
12278,5117,3082,1820,10019,2259,1
14657,9470,2613,761,12844,1813,1
8532,5052,3255,792,9099,-567,1
9647,5500,1804,393,7697,1950,0
4695,3204,1107,576,4887,-192,1
10541,4747,3336,248,8331,2210,0
7772,3665,1863,357,5885,1887,0
9827,4715,3598,1681,9994,-167,1
7401,4568,1439,1546,7553,-152,1
4267,2628,1309,861,4798,-531,1
12870,6178,3004,3283,12465,405,1
9312,4502,2087,60,6649,2663,0
9137,4762,2307,1385,8454,683,1
11502,4667,1637,1943,8247,3255,0
8483,4253,3320,1580,9153,-670,1
8553,5767,3353,1638,10758,-2205,1
5905,2420,1154,198,3772,2133,0
13790,6232,5251,833,12316,1474,1
14332,7883,2659,302,10844,3488,0
13379,6929,3246,689,10864,2515,1
12961,6011,4675,2894,13580,-619,1
6597,4610,1627,588,6825,-228,1
14826,5984,4294,3273,13551,1275,1
7768,5315,929,1530,7774,-6,1
9020,4170,1311,2627,8108,912,1
10271,5624,3949,1215,10788,-517,1
7157,4298,1804,1633,7735,-578,1
14696,8783,3554,427,12764,1932,1
11629,5076,4422,179,9677,1952,1
8211,4380,1925,99,6404,1807,0
12163,7582,4751,3176,15509,-3346,1
6050,3812,751,83,4646,1404,0
6649,4246,1725,1534,7505,-856,1
6332,4201,2378,748,7327,-995,1
12958,5316,1904,1507,8727,4231,0
7809,3249,2053,1076,6378,1431,1
11782,5532,4071,853,10456,1326,1
5424,3359,720,1042,5121,303,1
8764,5591,1883,1911,9385,-621,1
6413,3291,1986,1607,6884,-471,1
10905,7189,3537,1418,12144,-1239,1
5372,3117,1421,1472,6010,-638,1
14100,5979,5329,2877,14185,-85,1
4465,2787,972,317,4076,389,1
11017,5928,4057,2669,12654,-1637,1
6938,4134,1912,1987,8033,-1095,1
8903,5273,3553,281,9107,-204,1
10741,5587,1488,3065,10140,601,1
13248,5691,3736,1472,10899,2349,1
8350,3646,1114,2183,6943,1407,1
14195,6336,4235,2261,12832,1363,1
6565,3299,858,12,4169,2396,0
9965,4198,2652,2856,9706,259,1
11555,5951,4246,2915,13112,-1557,1
5494,3090,1750,637,5477,17,1
4473,2750,1067,692,4509,-36,1
4002,2092,1430,707,4229,-227,1
6690,2970,1544,1073,5587,1103,1
13521,8499,5252,999,14750,-1229,1
7986,3894,941,1551,6386,1600,0
7528,3219,1132,1676,6027,1501,1
12630,8216,2071,273,10560,2070,1
5163,3237,1170,40,4447,716,1
6507,4484,1915,943,7342,-835,1
7830,3531,1623,162,5316,2514,0
9883,6621,2199,2334,11154,-1271,1
7304,3758,2121,172,6051,1253,1
4357,2005,1672,535,4212,145,1
13398,7931,2632,3719,14282,-884,1
9179,3890,2767,1758,8415,764,1
12405,8227,3511,3202,14940,-2535,1
13280,5365,3376,582,9323,3957,0
6341,2813,1468,1527,5808,533,1
5011,3027,548,1286,4861,150,1
8546,5884,2543,1274,9701,-1155,1
8565,3758,3177,2416,9351,-786,1
10693,5214,2566,1177,8957,1736,1
8555,4943,3263,2034,10240,-1685,1
13646,6316,2810,3886,13012,634,1
8268,4677,2649,190,7516,752,1
12118,6098,4337,910,11345,773,1
7088,3451,1552,1083,6086,1002,1
9933,5989,1901,2092,9982,-49,1
6961,3795,948,1613,6356,605,1
9231,5976,2508,1008,9492,-261,1
14022,6765,1782,3351,11898,2124,1
10327,6510,2804,2835,12149,-1822,1
4638,2231,668,352,3251,1387,0
7471,3757,2205,1345,7307,164,1
10996,6778,3238,2062,12078,-1082,1
6253,4138,797,1013,5948,305,1
6409,2599,1957,836,5392,1017,1
14702,6514,3197,3680,13391,1311,1
6793,4084,1630,1202,6916,-123,1
11914,6210,2993,370,9573,2341,1
7985,4952,1853,516,7321,664,1
10082,6985,1997,2108,11090,-1008,1
14898,9996,2067,3884,15947,-1049,1
5901,4063,1884,1517,7464,-1563,1
13269,7113,3489,1232,11834,1435,1
7378,4222,888,711,5821,1557,0
6841,2865,2589,81,5535,1306,1
9443,5812,3700,805,10317,-874,1
11282,4863,4116,922,9901,1381,1
8124,4612,1179,2111,7902,222,1
8848,4979,2311,2157,9447,-599,1
11708,7954,2629,1931,12514,-806,1
5587,2551,1944,936,5431,156,1
8063,4053,2344,1273,7670,393,1
14016,9214,5175,3109,17498,-3482,1
6256,4371,1085,1048,6504,-248,1
5326,3462,638,1107,5207,119,1
12335,6925,2077,3311,12313,22,1
7518,5049,2030,1522,8601,-1083,1
11998,6852,4511,3118,14481,-2483,1
7680,3394,1935,1254,6583,1097,1
10036,4907,2936,1270,9113,923,1
13050,5612,1446,2224,9282,3768,0
8265,4865,1291,1972,8128,137,1
7171,2925,2253,238,5416,1755,0
12551,7172,3109,2476,12757,-206,1
13776,7400,4089,3627,15116,-1340,1
13792,5612,3283,1523,10418,3374,0
13526,9444,2468,201,12113,1413,1
6520,3556,2063,1660,7279,-759,1
5433,2838,1613,1067,5518,-85,1
9056,3846,2303,2440,8589,467,1
4280,2855,1224,20,4099,181,1
14216,5737,3044,3385,12166,2050,1
11754,4930,1323,1251,7504,4250,0
12099,5222,3724,1061,10007,2092,1
14360,6389,4081,2127,12597,1763,1
12317,8348,4783,138,13269,-952,1
10311,4235,1232,562,6029,4282,0
10416,5295,1105,1240,7640,2776,0
6367,2976,926,1668,5570,797,1
14825,6790,3730,1350,11870,2955,1
4617,2940,1723,1344,6007,-1390,1
6647,3820,1030,1177,6027,620,1
14138,5986,2557,3489,12032,2106,1
6249,4116,2231,236,6583,-334,1
4866,1977,1601,1456,5034,-168,1
6532,3342,1027,1883,6252,280,1
8727,5246,1070,1558,7874,853,1
4945,2679,962,7,3648,1297,0
8787,5985,2637,1437,10059,-1272,1
9014,5556,2038,2278,9872,-858,1
14362,9741,3257,875,13873,489,1
14015,8860,3293,3492,15645,-1630,1
14568,9230,3951,4013,17194,-2626,1
10915,7541,3202,2410,13153,-2238,1
9777,6315,3597,572,10484,-707,1
11408,7559,2846,294,10699,709,1
13251,8392,4021,3175,15588,-2337,1
7495,3446,1401,2240,7087,408,1
10980,4768,2462,2623,9853,1127,1
9493,5307,3621,1280,10208,-715,1
9091,4473,1147,1763,7383,1708,1
6279,3864,2361,1096,7321,-1042,1
11405,7095,1690,1158,9943,1462,1
5091,2772,1397,152,4321,770,1
7501,5140,2455,841,8436,-935,1
4571,2387,1140,905,4432,139,1
11390,7115,1952,418,9485,1905,1
11898,4982,4386,1598,10966,932,1
6325,2545,2269,432,5246,1079,1
4544,2602,970,1219,4791,-247,1
4967,2484,1799,299,4582,385,1
7249,4759,2223,233,7215,34,1
12034,5341,4736,1629,11706,328,1
11921,7405,2755,2261,12421,-500,1
10186,4382,3100,1524,9006,1180,1
14346,6663,3226,2724,12613,1733,1
9465,4359,947,1378,6684,2781,0
8231,5479,1984,176,7639,592,1
10399,5305,3367,850,9522,877,1
14883,6296,3461,2907,12664,2219,1
5429,3667,1757,229,5653,-224,1
13093,5600,2174,3064,10838,2255,1
12055,7176,3607,1616,12399,-344,1
12202,6232,1889,161,8282,3920,0
12844,8822,3040,2360,14222,-1378,1
8797,4836,1943,1866,8645,152,1
5810,2431,1207,1063,4701,1109,1
10635,6119,2440,2992,11551,-916,1
4898,3176,938,1087,5201,-303,1
5360,2151,1705,467,4323,1037,1
11555,5554,3407,3055,12016,-461,1
5158,2131,1659,862,4652,506,1
8087,5431,2683,928,9042,-955,1
10169,4427,3979,1127,9533,636,1
5453,2813,1631,1149,5593,-140,1
7914,3758,1768,1457,6983,931,1
7999,4194,2410,425,7029,970,1
9871,6603,2087,2596,11286,-1415,1
12022,6192,1817,415,8424,3598,0
9614,6545,3402,2070,12017,-2403,1
12418,6291,4285,74,10650,1768,1
13285,7060,2325,468,9853,3432,0
12617,6309,1345,2607,10261,2356,1
10347,5868,3211,2668,11747,-1400,1
9713,4843,1869,1223,7935,1778,1
6329,2616,2004,1235,5855,474,1
7282,3497,1169,1498,6164,1118,1
9443,4121,2097,1719,7937,1506,1
14787,6436,5360,3212,15008,-221,1
8842,4574,2201,525,7300,1542,1
5337,2766,1454,612,4832,505,1
11757,5390,3245,1708,10343,1414,1
10164,5434,1899,1647,8980,1184,1
6628,3181,938,781,4900,1728,0
12503,8128,3238,182,11548,955,1
14432,9449,4743,3479,17671,-3239,1
10423,4427,1382,823,6632,3791,0
5600,3381,1982,915,6278,-678,1
7482,4800,2854,2115,9769,-2287,1
6427,4404,1290,495,6189,238,1
4347,2446,1458,519,4423,-76,1
4994,3445,726,250,4421,573,1
11204,7667,3658,1729,13054,-1850,1
14479,7990,3253,240,11483,2996,0
11607,5800,1924,1300,9024,2583,0
12014,5836,2824,1052,9712,2302,1
7364,4015,2942,981,7938,-574,1
13117,6054,2084,718,8856,4261,0
11157,4496,3356,794,8646,2511,0
12614,6861,4132,3656,14649,-2035,1
11782,7821,1716,738,10275,1507,1
7230,4653,2236,1938,8827,-1597,1
9386,6141,1672,2716,10529,-1143,1
11497,7943,3032,682,11657,-160,1
4326,2877,541,267,3685,641,1
5887,3767,1072,1586,6425,-538,1
13338,6358,4201,2563,13122,216,1
5627,2343,801,1202,4346,1281,0
11177,6154,3601,2144,11899,-722,1
4311,1806,912,13,2731,1580,0
13473,8793,1436,3548,13777,-304,1
6103,3256,1153,1753,6162,-59,1
6475,3783,2543,173,6499,-24,1
6193,2749,2077,31,4857,1336,0
10338,4394,3263,2536,10193,145,1
4742,2545,1119,1014,4678,64,1
12140,6121,3032,2937,12090,50,1
9001,4215,1211,1049,6475,2526,0
11988,8253,1917,2418,12588,-600,1
10353,5793,3447,737,9977,376,1
11911,5734,3035,1095,9864,2047,1
12497,6151,2529,3315,11995,502,1
10611,4904,2502,2668,10074,537,1
7858,3725,1406,2206,7337,521,1
5864,3201,1085,1608,5894,-30,1
7195,3489,999,1374,5862,1333,1
11963,8066,3393,3559,15018,-3055,1
5286,2787,1972,664,5423,-137,1
7585,3809,1011,1434,6254,1331,1
4600,2010,1627,649,4286,314,1
7921,4933,1603,485,7021,900,1
11908,7792,4142,2172,14106,-2198,1
11052,5786,1272,162,7220,3832,0
9356,4515,2204,306,7025,2331,0
7088,4883,2411,799,8093,-1005,1
13224,8146,3861,1683,13690,-466,1
11002,6910,1563,2381,10854,148,1
7405,4294,1471,1812,7577,-172,1
13311,8374,3494,121,11989,1322,1
5182,3179,548,1320,5047,135,1
5146,2696,805,155,3656,1490,0
12613,8237,3934,2816,14987,-2374,1
5843,2692,1966,629,5287,556,1
12840,5800,3513,514,9827,3013,0
5867,2638,1623,399,4660,1207,0
11293,5920,4266,211,10397,896,1
12436,5920,3363,3094,12377,59,1
12507,8246,1970,1444,11660,847,1
4874,2703,703,1193,4599,275,1
4480,2849,1369,1177,5395,-915,1
11724,6837,3149,375,10361,1363,1
6946,2798,1419,1019,5236,1710,0
13636,8544,2856,1740,13140,496,1
9558,5082,2790,420,8292,1266,1
4806,3128,1519,1287,5934,-1128,1
6110,3702,1799,1757,7258,-1148,1
12964,6760,4537,2861,14158,-1194,1
5074,2383,800,566,3749,1325,0
13576,7968,1588,3128,12684,892,1
12283,5291,4469,515,10275,2008,1
14740,7647,4134,689,12470,2270,1
14368,7356,2956,882,11194,3174,0
11317,6470,3495,1691,11656,-339,1
8486,5853,1211,721,7785,701,1
7417,4792,924,1102,6818,599,1
6989,4504,1601,233,6338,651,1
11165,5566,2896,904,9366,1799,1
9427,5172,1112,1095,7379,2048,0
9776,5429,2360,310,8099,1677,1
11649,6153,4408,1051,11612,37,1
12422,7170,1697,874,9741,2681,0
11435,7851,3902,1332,13085,-1650,1
13839,9156,3078,568,12802,1037,1
5957,2937,1443,1235,5615,342,1
11592,5983,4418,1466,11867,-275,1
8900,5832,1867,1201,8900,0,1
4969,2461,1138,8,3607,1362,0
6708,3968,2543,1511,8022,-1314,1
10442,6738,3427,94,10259,183,1
6059,3327,1377,1694,6398,-339,1
13118,9126,4471,3645,17242,-4124,1
13876,6534,2867,1030,10431,3445,0
12028,7350,3929,1472,12751,-723,1
9342,6504,1744,1085,9333,9,1
14405,8581,5394,411,14386,19,1
8654,5761,3051,1560,10372,-1718,1
9051,5306,1734,2390,9430,-379,1
12362,7360,1375,1842,10577,1785,1
7204,4847,852,894,6593,611,1
13600,9039,5029,905,14973,-1373,1
7487,4851,894,1541,7286,201,1
12769,8162,2847,3570,14579,-1810,1
9050,3878,3148,2556,9582,-532,1
11413,5680,1482,3191,10353,1060,1
9006,5887,1857,2620,10364,-1358,1
8354,4575,903,1718,7196,1158,1
10468,4365,1667,1375,7407,3061,0
10196,6768,2760,2452,11980,-1784,1
6942,3710,1560,1909,7179,-237,1
14249,8884,5292,3748,17924,-3675,1
5654,3944,2071,1219,7234,-1580,1
13146,7945,3412,861,12218,928,1
7886,5373,2534,563,8470,-584,1
4683,2474,1311,1149,4934,-251,1
9608,4956,3370,1201,9527,81,1
10940,6145,2732,2098,10975,-35,1
4307,2341,777,355,3473,834,1
12416,6927,3423,1773,12123,293,1
6333,4074,2500,833,7407,-1074,1
14618,5968,1920,597,8485,6133,0
14105,8446,1920,1896,12262,1843,1
12041,7662,3458,2637,13757,-1716,1
9708,4075,3105,1260,8440,1268,1
4835,3000,1051,449,4500,335,1
13260,9206,1744,320,11270,1990,1
11012,7449,2582,3274,13305,-2293,1
4590,2137,611,1188,3936,654,1
10832,5546,3878,1550,10974,-142,1
4222,1849,653,1237,3739,483,1
12419,7030,4042,2356,13428,-1009,1
4400,2171,587,636,3394,1006,0
10278,5775,1492,2505,9772,506,1
8988,5628,1984,95,7707,1281,1
9684,4012,2988,1036,8036,1648,1
6803,3920,1250,655,5825,978,1
7595,3796,2200,1481,7477,118,1
12703,7727,2652,2382,12761,-58,1
8248,5118,1845,2002,8965,-717,1
10369,7188,1802,825,9815,554,1
8363,5710,1671,526,7907,456,1
10836,5475,1755,2336,9566,1270,1
9148,3666,1512,1479,6657,2491,0
8907,3920,2816,2381,9117,-210,1
7975,4232,1717,1554,7503,472,1
13708,9174,4208,1391,14773,-1065,1
5957,2824,2164,970,5958,-1,1
11377,5242,3113,3009,11364,13,1
7856,4702,1424,1518,7644,212,1
9482,3842,3408,419,7669,1813,1
13177,8405,1902,3615,13922,-745,1
10603,6993,4160,2953,14106,-3503,1
12143,8212,4231,161,12604,-461,1
11059,6568,2591,3118,12277,-1218,1
8389,4232,2833,229,7294,1095,1
8352,3868,2395,1214,7477,875,1
4913,3144,624,1386,5154,-241,1
12310,7637,4097,1879,13613,-1303,1
5575,2257,1041,1028,4326,1249,0
13883,5727,4983,1786,12496,1387,1
6802,3447,2416,1084,6947,-145,1
5514,2735,1349,282,4366,1148,0
5326,2528,791,31,3350,1976,0
14855,7375,5248,3797,16420,-1565,1
10878,7189,1884,2585,11658,-780,1
7269,4112,2497,518,7127,142,1
9828,4392,1637,2382,8411,1417,1
10249,5527,3665,2250,11442,-1193,1
8781,6054,3508,1839,11401,-2620,1
7137,4198,1255,156,5609,1528,0
7589,4009,1225,2187,7421,168,1
12732,8470,4112,2839,15421,-2689,1
4630,3140,1240,542,4922,-292,1
10081,5070,1577,32,6679,3402,0
7051,3047,1488,1890,6425,626,1
13622,6307,3964,52,10323,3299,0
9210,4113,3164,5,7282,1928,0
13292,7250,4139,280,11669,1623,1
14491,7106,1537,2489,11132,3359,0
5105,3518,911,1334,5763,-658,1
11825,4890,4648,1071,10609,1216,1
11086,4446,3556,2913,10915,171,1
5489,2676,1346,1472,5494,-5,1
12424,5838,1365,2891,10094,2330,1
12473,7124,2081,2828,12033,440,1
8099,3995,2996,2324,9315,-1216,1
10674,5480,4160,3047,12687,-2013,1
8515,5484,3347,1338,10169,-1654,1
10728,6077,3748,1394,11219,-491,1
7667,5157,1144,2057,8358,-691,1
4517,2892,1594,1348,5834,-1317,1
10351,5548,3262,1099,9909,442,1
9033,5156,2394,425,7975,1058,1
7682,3705,2819,1571,8095,-413,1
13708,7127,1696,3287,12110,1598,1
12099,7343,3275,887,11505,594,1
5850,3423,1643,1553,6619,-769,1
8344,3514,2168,684,6366,1978,0
8988,5594,2786,514,8894,94,1
12326,7745,2671,2919,13335,-1009,1
7568,5081,1514,1331,7926,-358,1
12214,6106,2743,2245,11094,1120,1
14604,9147,2070,1522,12739,1865,1
9028,5400,2450,1620,9470,-442,1
12430,6981,3538,2829,13348,-918,1
11127,7298,1386,2,8686,2441,0
10665,6875,2538,1350,10763,-98,1
6912,4687,804,1634,7125,-213,1
8427,4435,3082,1111,8628,-201,1
8943,3798,1949,1878,7625,1318,1
8834,4278,1556,2239,8073,761,1
5355,2634,952,253,3839,1516,0
4015,1807,1292,1003,4102,-87,1
12597,6049,4067,2682,12798,-201,1
6363,3602,1674,134,5410,953,1
11258,6353,4000,2556,12909,-1651,1
12138,7972,3316,3470,14758,-2620,1
4270,2064,651,1149,3864,406,1
4453,1836,855,780,3471,982,0
12389,8601,3786,2855,15242,-2853,1
8700,3848,2316,186,6350,2350,0
13530,5670,2429,2208,10307,3223,0
14097,8534,2768,3337,14639,-542,1
13241,6090,4964,4,11058,2183,1
9671,5814,1511,2518,9843,-172,1
5550,2712,2113,502,5327,223,1
7768,3314,1815,780,5909,1859,0
4724,2335,486,304,3125,1599,0
7343,3787,1360,563,5710,1633,0
13187,5275,2418,2392,10085,3102,0
9449,4823,2697,177,7697,1752,1
9717,5114,2138,1589,8841,876,1
6329,2826,1043,997,4866,1463,0
6391,4172,986,431,5589,802,1
5731,2551,1170,947,4668,1063,1
7488,3622,2583,2166,8371,-883,1
13901,6783,2933,328,10044,3857,0
4645,3116,744,833,4693,-48,1
13318,8430,1529,2433,12392,926,1
12670,7543,3949,1927,13419,-749,1
12127,6638,3786,17,10441,1686,1
5103,3103,1581,664,5348,-245,1
5832,3685,975,1067,5727,105,1
13963,6937,5387,632,12956,1007,1
4678,3094,1176,303,4573,105,1
10371,6050,1402,1906,9358,1013,1
8223,3775,1837,1101,6713,1510,1
13521,7437,3944,1479,12860,661,1
14896,9183,4097,2841,16121,-1225,1
8905,4604,2916,315,7835,1070,1
6368,3660,2454,1887,8001,-1633,1
8064,3736,2191,150,6077,1987,0
8243,4785,2610,2104,9499,-1256,1
12608,7960,2324,1584,11868,740,1
7980,4818,2881,772,8471,-491,1
12394,6194,2454,2876,11524,870,1
14415,7799,3409,3157,14365,50,1
12054,5818,2023,1662,9503,2551,0
12546,7912,3333,1460,12705,-159,1
11688,5534,4477,1678,11689,-1,1
4686,3149,1505,921,5575,-889,1
14966,7957,4234,488,12679,2287,1
10042,6435,3526,158,10119,-77,1
10971,4900,4161,362,9423,1548,1
5827,2541,1211,1373,5125,702,1
13596,5883,1590,1433,8906,4690,0
6771,4381,2022,1002,7405,-634,1
12881,7378,1551,1548,10477,2404,1
10439,6447,3647,3031,13125,-2686,1
14082,8281,2192,4107,14580,-498,1
8832,4601,1486,2465,8552,280,1
6625,2835,1996,1426,6257,368,1
13544,7544,3473,3830,14847,-1303,1
4788,2125,1381,810,4316,472,1
11651,7953,3570,1689,13212,-1561,1
12280,7851,2501,293,10645,1635,1
12599,5696,5036,1022,11754,845,1
14905,6481,3102,3383,12966,1939,1
9260,5455,2607,2276,10338,-1078,1
10167,6794,3214,2903,12911,-2744,1
4493,1877,890,820,3587,906,0
7982,3694,2950,483,7127,855,1
5448,2823,2129,1197,6149,-701,1
7075,4133,1118,1190,6441,634,1
6979,4759,1195,555,6509,470,1
7490,4384,1427,2106,7917,-427,1
5299,2808,1391,264,4463,836,1
5222,2340,629,690,3659,1563,0
13526,8922,3183,237,12342,1184,1
8294,3545,1274,621,5440,2854,0
14835,6826,5295,627,12748,2087,1
14752,9711,2675,741,13127,1625,1
4608,2813,948,484,4245,363,1
5009,2362,1508,1161,5031,-22,1
6838,3573,2053,137,5763,1075,1
12672,6855,4334,113,11302,1370,1
12130,5944,2029,3012,10985,1145,1
5252,2473,1800,1318,5591,-339,1
7513,4002,2550,853,7405,108,1
8899,5013,1426,613,7052,1847,0
7657,4365,1598,1803,7766,-109,1
13484,5626,2741,1392,9759,3725,0
11325,6590,3844,372,10806,519,1
4366,2059,962,473,3494,872,1
4041,2141,837,1047,4025,16,1
8518,5778,3099,2170,11047,-2529,1
7145,4489,2053,1151,7693,-548,1
10268,6131,1955,950,9036,1232,1
12255,6686,3775,1981,12442,-187,1
11651,5464,1395,2699,9558,2093,1
14600,9857,2517,497,12871,1729,1
7264,2908,1298,296,4502,2762,0
5228,3482,1685,818,5985,-757,1
6179,3354,918,148,4420,1759,0
4640,2411,708,1128,4247,393,1
7369,3660,2889,1465,8014,-645,1
12675,5227,3261,2228,10716,1959,1
4139,2719,1017,239,3975,164,1
12347,5650,4126,1095,10871,1476,1
8361,3876,3255,2441,9572,-1211,1
4038,2552,1317,939,4808,-770,1
13251,6623,4013,280,10916,2335,1
14171,5670,4054,397,10121,4050,0
12288,6952,3104,1099,11155,1133,1
9814,4280,2489,1861,8630,1184,1
6730,2730,1780,1499,6009,721,1
6530,3446,1074,1383,5903,627,1
10506,5804,2264,571,8639,1867,1
6242,3582,715,823,5120,1122,1
12520,5989,4020,1268,11277,1243,1
4203,2482,799,1058,4339,-136,1
14605,10181,5006,1168,16355,-1750,1
4984,2789,1697,793,5279,-295,1
6139,3252,1629,988,5869,270,1
14719,7150,5885,3161,16196,-1477,1
12049,8408,4262,1459,14129,-2080,1
8128,4049,2223,1854,8126,2,1
7873,5401,2205,1234,8840,-967,1
4022,1617,1599,894,4110,-88,1
8120,3473,1119,1413,6005,2115,0
8849,5698,2914,2509,11121,-2272,1
7390,3004,2663,425,6092,1298,1
4989,2586,916,86,3588,1401,0
12859,6686,3855,2306,12847,12,1
10561,6604,2501,1540,10645,-84,1
13793,8575,4370,2767,15712,-1919,1
12450,7144,4302,2301,13747,-1297,1
14425,10057,3381,2940,16378,-1953,1
11539,4635,3094,2275,10004,1535,1
5848,3175,647,18,3840,2008,0
11672,7942,4514,3083,15539,-3867,1
13277,8790,1970,882,11642,1635,1
6593,4383,2624,1552,8559,-1966,1
14619,9926,3082,3597,16605,-1986,1
5535,2591,749,866,4206,1329,0
6647,3893,717,1553,6163,484,1
12668,8645,1536,2510,12691,-23,1
12109,7600,1469,1237,10306,1803,1
13624,5683,5058,3608,14349,-725,1
12519,8222,3514,2817,14553,-2034,1
10565,7320,4072,1445,12837,-2272,1
5722,3324,1747,207,5278,444,1
11907,5017,3665,881,9563,2344,1
4372,2710,1117,378,4205,167,1
14469,8123,2048,700,10871,3598,0
4609,2046,979,224,3249,1360,0
6215,3485,1769,655,5909,306,1
9102,4948,912,1978,7838,1264,1
10633,5057,2186,408,7651,2982,0
4071,2319,919,1117,4355,-284,1
13827,6236,4728,235,11199,2628,1
7704,3585,2601,576,6762,942,1
13255,8484,4462,2387,15333,-2078,1
12390,8286,2691,1079,12056,334,1
14447,9488,4761,3935,18184,-3737,1
8840,5917,1134,1537,8588,252,1
6995,4521,1103,1377,7001,-6,1
10969,5604,3642,1934,11180,-211,1
13750,6185,4885,1886,12956,794,1
5542,3075,1638,1165,5878,-336,1
13589,8603,2099,3626,14328,-739,1
9931,6581,2872,664,10117,-186,1
14449,7365,4881,3164,15410,-961,1
10193,5407,1786,2540,9733,460,1
13035,7376,1842,101,9319,3716,0
10761,6244,4094,2829,13167,-2406,1
10922,5460,3836,1852,11148,-226,1
4090,2576,841,793,4210,-120,1
4607,2980,688,219,3887,720,1
11440,6483,3370,2681,12534,-1094,1
13888,7426,5265,2185,14876,-988,1
10572,7100,1610,589,9299,1273,1
13396,7104,2044,3566,12714,682,1
14202,9493,5218,1904,16615,-2413,1
10353,4980,3101,168,8249,2104,0
9822,5637,3282,2658,11577,-1755,1
13826,7847,3947,703,12497,1329,1
10874,6179,2702,3177,12058,-1184,1
7556,4596,1037,1019,6652,904,1
10688,6134,1151,2778,10063,625,1
14235,6745,4761,2997,14503,-268,1
11948,4843,4691,3052,12586,-638,1
10794,6909,1746,3144,11799,-1005,1
6970,3989,1448,964,6401,569,1
6025,2433,683,1310,4426,1599,0
11198,5608,2505,2399,10512,686,1
12135,5072,1591,3513,10176,1959,1
14935,9196,1793,1746,12735,2200,1
6955,2889,2549,259,5697,1258,1
7372,3160,1268,1227,5655,1717,0
12430,6469,3492,3297,13258,-828,1
10902,6271,3441,153,9865,1037,1
4200,1965,1165,826,3956,244,1
11329,5635,3474,1829,10938,391,1
12134,6153,2491,193,8837,3297,0
8465,3550,2728,2072,8350,115,1
5948,3224,1659,1627,6510,-562,1
6431,3094,2422,1569,7085,-654,1
7369,3213,1231,980,5424,1945,0
7779,3219,2752,1181,7152,627,1
6580,3090,692,40,3822,2758,0
13290,9284,2545,2732,14561,-1271,1
13106,5350,5001,300,10651,2455,1
6314,3787,2407,1248,7442,-1128,1
6057,3099,1782,1628,6509,-452,1
10538,4680,1276,130,6086,4452,0
11079,7365,4269,1929,13563,-2484,1
7948,3573,2223,554,6350,1598,0
9890,4600,3541,1718,9859,31,1
6944,3969,2701,409,7079,-135,1
13685,9507,4017,2717,16241,-2556,1
12885,7945,4661,2697,15303,-2418,1
14810,10331,5740,1606,17677,-2867,1
5703,3556,1847,1488,6891,-1188,1
5395,3583,1454,13,5050,345,1
5611,3108,1728,1069,5905,-294,1
7747,4193,2255,655,7103,644,1
14784,7397,3550,337,11284,3500,0
11558,6964,1707,1541,10212,1346,1
11561,7177,3880,116,11173,388,1
5088,2463,545,429,3437,1651,0
12680,6594,2475,3005,12074,606,1
14761,8052,4072,296,12420,2341,1
7974,5404,2612,124,8140,-166,1
7917,5138,2486,419,8043,-126,1
9996,5406,1049,1397,7852,2144,0
14114,7281,3987,3189,14457,-343,1
6807,2926,2670,1352,6948,-141,1
7645,3188,922,102,4212,3433,0
8582,4309,2043,2204,8556,26,1
11635,4746,1661,1009,7416,4219,0
12662,5912,3025,2640,11577,1085,1
8391,3843,1297,914,6054,2337,0
8928,5601,2272,1412,9285,-357,1
8227,3993,2871,803,7667,560,1
4646,1959,1792,73,3824,822,1
4391,2980,1482,874,5336,-945,1
8225,4985,3162,1319,9466,-1241,1
12720,5754,2302,373,8429,4291,0
11244,6217,3003,3364,12584,-1340,1
8679,6037,3258,175,9470,-791,1
5829,3179,1282,1440,5901,-72,1
9347,4859,2205,962,8026,1321,1
10038,5896,1905,578,8379,1659,1
8429,5880,1428,2025,9333,-904,1
7928,4412,858,1357,6627,1301,1
11553,4672,1338,1265,7275,4278,0
4574,2060,1738,42,3840,734,1
9758,6036,1048,914,7998,1760,1
5983,3550,1294,1142,5986,-3,1
11401,7816,2870,3106,13792,-2391,1
6588,3731,2436,898,7065,-477,1
7469,3342,1493,1490,6325,1144,1
10061,6072,3685,2916,12673,-2612,1
4092,1686,732,507,2925,1167,0
14177,6100,3422,17,9539,4638,0
11731,4898,2153,663,7714,4017,0
12025,7569,2235,2270,12074,-49,1
7658,4874,1905,501,7280,378,1
14755,6812,4784,1107,12703,2052,1
10773,4919,2567,990,8476,2297,0
5277,3048,1882,190,5120,157,1
11003,5698,1200,1489,8387,2616,0
4666,2256,1142,1225,4623,43,1
13945,8692,5354,2983,17029,-3084,1
6336,4290,2402,7,6699,-363,1
11140,6018,1531,3137,10686,454,1
6993,3004,1867,765,5636,1357,1
4242,1727,594,651,2972,1270,0
11084,6162,3768,1741,11671,-587,1
13568,6900,2822,3360,13082,486,1
8505,5155,2405,220,7780,725,1
14506,9105,3959,3595,16659,-2153,1
10577,5026,3683,1238,9947,630,1
13258,8562,1854,1152,11568,1690,1
5307,3418,2050,1439,6907,-1600,1
12514,6978,1353,17,8348,4166,0
12194,5863,3213,3261,12337,-143,1
14198,9350,4549,2575,16474,-2276,1
7133,3198,2285,826,6309,824,1
11518,5867,1534,2829,10230,1288,1
6478,2674,1603,788,5065,1413,0
4087,2527,716,790,4033,54,1
10193,6004,3499,2349,11852,-1659,1
10867,6963,1187,1618,9768,1099,1
4742,1941,537,1211,3689,1053,0
11902,6562,3673,1592,11827,75,1
12407,5222,3057,2948,11227,1180,1
11841,8010,1418,1064,10492,1349,1
5258,2668,1407,25,4100,1158,0
11825,5783,3825,1741,11349,476,1
13052,5565,1846,3330,10741,2311,1
6713,4224,2020,690,6934,-221,1
10927,5972,1286,620,7878,3049,0
13076,5396,4702,173,10271,2805,0
5542,2795,656,287,3738,1804,0
12144,6792,4662,1768,13222,-1078,1
6831,3327,2313,1554,7194,-363,1
7847,5320,2891,1606,9817,-1970,1
4833,2485,1161,1358,5004,-171,1
14782,6026,5749,4022,15797,-1015,1
12135,6267,4750,424,11441,694,1
13928,6321,4494,2816,13631,297,1
12758,6545,3158,2486,12189,569,1
6962,4576,1667,1819,8062,-1100,1
12288,7984,3657,2929,14570,-2282,1
6832,3869,1974,1584,7427,-595,1
14441,5800,3891,3468,13159,1282,1
12177,7851,1974,3116,12941,-764,1
14489,7652,4244,632,12528,1961,1
7332,4145,1578,425,6148,1184,1
12274,7481,3667,3155,14303,-2029,1
7132,2885,966,750,4601,2531,0
4561,1943,1497,949,4389,172,1
9127,6023,2270,1795,10088,-961,1
10597,6231,3899,1633,11763,-1166,1
8486,3487,2632,1786,7905,581,1
12555,6949,3669,2399,13017,-462,1
11376,4834,3214,1503,9551,1825,1
6626,3409,1443,538,5390,1236,1
4691,3112,842,1055,5009,-318,1
4296,1795,1012,100,2907,1389,0
12867,8299,4956,3803,17058,-4191,1
12383,6452,3643,1358,11453,930,1
7020,4254,1540,816,6610,410,1
7170,4902,1261,140,6303,867,1
7638,4061,2173,1028,7262,376,1
9135,5132,3024,719,8875,260,1
7403,4102,2520,1019,7641,-238,1
8420,4729,883,1377,6989,1431,1
10546,5191,1587,688,7466,3080,0
10952,6013,4054,2409,12476,-1524,1
11464,5525,1245,584,7354,4110,0
4582,2169,1594,1102,4865,-283,1
6800,3493,1790,747,6030,770,1
5844,3824,1373,772,5969,-125,1
13239,7918,4655,354,12927,312,1
7240,3054,1251,1381,5686,1554,0
11936,4778,1243,2467,8488,3448,0
11710,7978,2282,1951,12211,-501,1
4516,1887,1755,943,4585,-69,1
7175,4834,2776,558,8168,-993,1
12873,8174,5011,1983,15168,-2295,1
14757,6370,5690,2865,14925,-168,1
5565,2856,1620,1153,5629,-64,1
10425,4798,1248,759,6805,3620,0
9503,6437,3132,171,9740,-237,1
6381,3224,2144,11,5379,1002,1
11873,5925,2264,2002,10191,1682,1
5620,2528,1164,922,4614,1006,1
14242,9626,5651,1193,16470,-2228,1
8626,4065,2041,436,6542,2084,0
12394,7231,1298,2455,10984,1410,1
5409,2616,911,1097,4624,785,1
8555,3616,2403,1934,7953,602,1
12066,5655,3831,670,10156,1910,1
5977,2428,1668,1151,5247,730,1
10479,6681,3358,347,10386,93,1
14114,8241,2024,2712,12977,1137,1
5581,2717,565,118,3400,2181,0
10581,6553,1710,3131,11394,-813,1
10780,6398,3017,2342,11757,-977,1
12841,6993,3603,649,11245,1596,1
13879,5919,5032,1327,12278,1601,1
11365,6850,2376,251,9477,1888,1
13023,7390,4456,933,12779,244,1
14535,8617,3974,600,13191,1344,1
8266,3601,2911,444,6956,1310,1
7109,4090,2242,1618,7950,-841,1
14217,7013,1672,2180,10865,3352,0
9258,6185,2434,1064,9683,-425,1
11728,8186,1386,3288,12860,-1132,1
4587,2896,899,539,4334,253,1
5171,2404,696,916,4016,1155,0
13127,6526,3169,2869,12564,563,1
8375,5121,1018,1412,7551,824,1
10056,6521,1357,442,8320,1736,1
12479,6044,2359,1530,9933,2546,0
11343,4794,2108,1135,8037,3306,0
13923,9686,2575,1884,14145,-222,1
7290,3177,1353,2091,6621,669,1
9308,4798,2203,1819,8820,488,1
11506,7166,2531,2706,12403,-897,1
14036,9276,3928,844,14048,-12,1
4269,2345,989,261,3595,674,1
4326,2956,999,136,4091,235,1
12316,5291,4807,2268,12366,-50,1
7447,3364,921,1297,5582,1865,0
6630,4536,2556,1479,8571,-1941,1
10380,4902,4123,2894,11919,-1539,1
11612,7176,1873,152,9201,2411,0
12441,5338,1949,703,7990,4451,0
14077,7633,5300,1421,14354,-277,1
10860,5999,4309,3172,13480,-2620,1
4765,3085,640,1041,4766,-1,1
6203,3335,2393,1697,7425,-1222,1
6829,3638,2178,590,6406,423,1
14922,7569,2733,2666,12968,1954,1
7531,3666,1785,1125,6576,955,1
12795,7832,4237,1518,13587,-792,1
5287,3610,816,348,4774,513,1
13201,7169,1538,2633,11340,1861,1
11105,6788,1843,1325,9956,1149,1
12478,5049,1356,680,7085,5393,0
11698,7822,3988,666,12476,-778,1
7740,5397,2574,703,8674,-934,1
7029,3286,799,1580,5665,1364,1
13163,7473,1823,3681,12977,186,1
14815,6945,5041,3231,15217,-402,1
7964,3797,805,1669,6271,1693,0
14335,7627,1684,628,9939,4396,0
8281,5545,1688,30,7263,1018,1
14224,6043,3712,392,10147,4077,0
6329,3694,1916,590,6200,129,1
10730,5553,2342,521,8416,2314,0
13068,5966,5225,1666,12857,211,1
4038,1714,846,768,3328,710,1
6724,3636,1729,1569,6934,-210,1
6545,3404,2553,1020,6977,-432,1
5458,3546,1339,589,5474,-16,1
9770,4466,2768,2594,9828,-58,1
9776,6403,2769,353,9525,251,1
12739,7155,3644,2585,13384,-645,1
8650,4777,1018,1356,7151,1499,1
10944,6466,2464,1700,10630,314,1
5505,2646,1157,852,4655,850,1
13103,5926,2359,381,8666,4437,0
9054,5482,1949,1217,8648,406,1
14352,6134,3853,3213,13200,1152,1
4059,1943,1551,908,4402,-343,1
5058,2547,1540,1265,5352,-294,1
9650,4366,1146,137,5649,4001,0
5307,3429,1515,1326,6270,-963,1
10734,5782,1870,1215,8867,1867,1
13982,7576,5215,3377,16168,-2186,1
5998,3927,1690,1116,6733,-735,1
12282,7454,4644,3648,15746,-3464,1
11427,6074,1315,1138,8527,2900,0
11744,4951,3284,1547,9782,1962,1
12481,7952,3586,1116,12654,-173,1
5679,2923,685,974,4582,1097,1
14660,8487,2222,1858,12567,2093,1
6911,4648,1913,524,7085,-174,1
4135,1799,1160,1118,4077,58,1
6891,4357,2627,1256,8240,-1349,1
6026,3676,2114,1029,6819,-793,1
4353,2180,1699,616,4495,-142,1
12056,6369,2616,1203,10188,1868,1
7707,3443,2265,376,6084,1623,0
10349,4482,2023,1721,8226,2123,0
10813,5161,1734,298,7193,3620,0
13555,8061,4531,2851,15443,-1888,1
4625,1950,1553,99,3602,1023,0
9117,6017,2948,2232,11197,-2080,1
6351,3595,2423,1096,7114,-763,1
12819,6705,3148,3257,13110,-291,1
9169,5712,2979,1650,10341,-1172,1
11874,6245,4721,1112,12078,-204,1
7551,4527,1950,2144,8621,-1070,1
10698,6856,1887,2337,11080,-382,1
7043,3440,1791,2077,7308,-265,1
14746,7930,5259,3560,16749,-2003,1
4432,1850,572,1243,3665,767,1
10485,7051,1713,2120,10884,-399,1
9320,5600,2282,1985,9867,-547,1
7084,3169,2308,1692,7169,-85,1
10615,7389,2619,2933,12941,-2326,1
6440,3842,2396,1924,8162,-1722,1
6930,4215,1518,1056,6789,141,1
13634,6590,3496,2125,12211,1423,1
11904,7221,1513,3121,11855,49,1
6937,4656,983,500,6139,798,1
13915,6660,2484,736,9880,4035,0
8434,3729,1773,1329,6831,1603,1
9747,6743,3591,1248,11582,-1835,1
9245,4892,2446,2113,9451,-206,1
4932,2548,598,1037,4183,749,1
9998,5698,2698,2132,10528,-530,1
12213,6207,2002,696,8905,3308,0
6865,3255,2317,285,5857,1008,1
13363,9049,2681,1749,13479,-116,1
8879,5127,1351,132,6610,2269,0
7961,4147,2751,740,7638,323,1
10455,5490,3868,1710,11068,-613,1
4998,3059,605,350,4014,984,1
10931,6340,1716,540,8596,2335,0
8040,3385,1292,1406,6083,1957,0
4095,2451,875,622,3948,147,1
7907,3556,3072,210,6838,1069,1
9685,6682,1659,2541,10882,-1197,1
8679,4734,2566,1736,9036,-357,1
13077,5421,1474,3499,10394,2683,0
7764,3673,1394,777,5844,1920,0
4607,1866,1247,1184,4297,310,1
8065,3983,813,1375,6171,1894,0
12931,7761,3736,1785,13282,-351,1
10323,7211,4046,1471,12728,-2405,1
12861,6030,2608,3710,12348,513,1
13068,8621,3749,916,13286,-218,1
7401,3001,1491,1588,6080,1321,1
9280,3826,3263,1874,8963,317,1
12065,7062,4019,2259,13340,-1275,1
10065,6912,3796,2377,13085,-3020,1
8123,3777,1820,984,6581,1542,1
5821,3508,2141,1000,6649,-828,1
6113,3485,668,1099,5252,861,1
12551,8200,4500,377,13077,-526,1
8542,4541,2235,1525,8301,241,1
14284,5759,4590,2754,13103,1181,1
12245,5466,1946,134,7546,4699,0
4650,1978,731,205,2914,1736,0
5610,3229,1752,37,5018,592,1
11715,4916,1980,547,7443,4272,0
6969,3015,2272,1935,7222,-253,1
12127,5636,2599,131,8366,3761,0
6619,4598,2188,54,6840,-221,1
13282,6107,2900,2833,11840,1442,1
10220,6839,1688,2282,10809,-589,1
5026,3044,923,725,4692,334,1
